0 31.290617 121.2185829
1 31.2874178 121.1973003
2 31.2871701 121.2011454
3 31.2791592 121.2132
4 31.2782308 121.2146911
5 31.279294 121.2133085
6 31.2850803 121.2053068
7 31.283759 121.2073371
8 31.2792278 121.2133993
9 31.2851959 121.2054268
10 31.2853859 121.205168
11 31.2790962 121.2132844
12 31.2852686 121.2050544
13 31.2783553 121.2147809
14 31.2868291 121.2026482
15 31.2875393 121.1972009
16 31.2855904 121.2182011
17 31.2853997 121.2182179
18 31.2768318 121.2115585
19 31.2906235 121.2186926
20 31.2904294 121.2186003
21 31.2948333 121.2183118
22 31.2800158 121.2140259
23 31.2855899 121.2183192
24 31.2904381 121.2187093
25 31.2853889 121.2180946
26 31.2768086 121.2114127
27 31.2948318 121.2182083
28 31.2800552 121.2139148
29 31.2802227 121.2141905
30 31.280268 121.214086
31 31.2756361 121.205811
32 31.2835995 121.2072784
33 31.274337 121.1996078
34 31.2806351 121.2040274
35 31.2806229 121.2044386
36 31.2775729 121.2119924
37 31.2799164 121.2065021
38 31.2845794 121.2120264
39 31.2849565 121.2116278
40 31.2851401 121.2122856
41 31.2851365 121.2127888
42 31.2856367 121.2119412
43 31.2860331 121.2118232
44 31.2863443 121.2105425
45 31.2864743 121.2097821
46 31.2866984 121.2106969
47 31.2840189 121.2107778
48 31.2859754 121.2093019
49 31.2861666 121.2089664
50 31.2873369 121.2103465
51 31.2874071 121.2105156
52 31.2875526 121.2100499
53 31.287647 121.2100609
54 31.2877146 121.2101123
55 31.2877292 121.21052
56 31.2877851 121.210424
57 31.2860656 121.2093702
58 31.2862538 121.2090333
59 31.2863222 121.2095642
60 31.286513 121.2092324
61 31.2845041 121.211886
62 31.2818907 121.2141327
63 31.2818967 121.2142353
64 31.2843861 121.2127804
65 31.2857477 121.2132413
66 31.2858128 121.21329
67 31.287478 121.2105591
68 31.2861869 121.2124218
69 31.2843488 121.2080309
70 31.2892555 121.2034358
71 31.2914971 121.2155806
72 31.2853635 121.2084593
73 31.2884739 121.2086871
74 31.286661 121.2067618
75 31.2873003 121.2031481
76 31.2894151 121.2149849
77 31.2900073 121.2044712
78 31.2892252 121.2056943
79 31.2854782 121.2077862
80 31.2894802 121.2094679
81 31.2929824 121.2049111
82 31.2903121 121.2064425
83 31.290507 121.2140249
84 31.2917034 121.2144219
85 31.2928579 121.2141028
86 31.2830305 121.209849
87 31.2908737 121.2126731
88 31.290892 121.2053159
89 31.2926352 121.2184035
90 31.2919326 121.2130862
91 31.2928082 121.2133112
92 31.289691 121.2029369
93 31.2894389 121.2152587
94 31.2923563 121.2168937
95 31.2926359 121.2185081
96 31.2933941 121.2241722
97 31.287901 121.2042055
98 31.2885268 121.2087303
99 31.2845545 121.2077832
100 31.2892922 121.2073197
101 31.2896017 121.2092586
102 31.2886671 121.2084874
103 31.288616 121.208451
104 31.2892326 121.207266
105 31.2907614 121.2038591
106 31.2913596 121.2086739
107 31.2867205 121.214033
108 31.2885541 121.2110011
109 31.2868123 121.2065311
110 31.2883686 121.2046454
111 31.2923429 121.2057742
112 31.2914788 121.2055977
113 31.2872384 121.2030786
114 31.284504 121.2090977
115 31.2919097 121.2131988
116 31.289771 121.2186613
117 31.2893025 121.2057551
118 31.2923606 121.2169517
119 31.2928494 121.2054904
120 31.2893105 121.213805
121 31.292807 121.2053904
122 31.2931016 121.2064667
123 31.2873531 121.2130084
124 31.2921206 121.2057479
125 31.2843112 121.2078482
126 31.2852627 121.2086498
127 31.2898927 121.2027331
128 31.2908324 121.2128072
129 31.2897525 121.2187711
130 31.2860625 121.205742
131 31.2890669 121.2241383
132 31.2851418 121.2069883
133 31.290114 121.2046129
134 31.2884981 121.2110957
135 31.2912817 121.2105649
136 31.284537 121.2080456
137 31.2930443 121.2087517
138 31.2913848 121.2071582
139 31.2897002 121.2040527
140 31.2837624 121.2088196
141 31.2894045 121.2148722
142 31.2843765 121.2077562
143 31.2913 121.2102001
144 31.2859114 121.2059436
145 31.2902663 121.2080758
146 31.2908854 121.2173934
147 31.2924737 121.2169842
148 31.2902598 121.217457
149 31.2838677 121.2071908
150 31.2840728 121.2075802
151 31.2841316 121.2074974
152 31.2831518 121.2159152
153 31.2829588 121.2162535
154 31.2894219 121.2137789
155 31.2892952 121.2136876
156 31.2892076 121.2138177
157 31.2891311 121.2121501
158 31.2892297 121.2131613
159 31.2889223 121.2138324
160 31.2905267 121.2160676
161 31.2906189 121.2159207
162 31.2907089 121.215031
163 31.2906496 121.2147759
164 31.2877616 121.2104755
165 31.2905524 121.2174239
166 31.2903502 121.2174435
167 31.287681 121.2077536
168 31.2896752 121.2091285
169 31.2887498 121.2083585
170 31.288704 121.2083122
171 31.2913111 121.2099152
172 31.2930243 121.2099967
173 31.2913473 121.2165287
174 31.2862834 121.2125182
175 31.2871985 121.2132588
176 31.2923384 121.2079753
177 31.2913716 121.2079496
178 31.2920026 121.2077933
179 31.2925032 121.2086122
180 31.291901 121.2079636
181 31.2934248 121.2108888
182 31.2934323 121.2105878
183 31.2935456 121.2108911
184 31.2935526 121.2105858
185 31.2938903 121.2008751
186 31.2945549 121.1990802
187 31.2946151 121.1991352
188 31.2911647 121.2006735
189 31.2888333 121.1963971
190 31.2927644 121.2184989
191 31.2927677 121.2183917
192 31.2932499 121.2140177
193 31.2933561 121.2131941
194 31.2931882 121.2143775
195 31.2933667 121.2143243
196 31.2934222 121.2139723
197 31.2934962 121.2132221
198 31.2934876 121.2085232
199 31.293603 121.2085495
200 31.2970332 121.2090692
201 31.2962189 121.2135087
202 31.2873936 121.2032592
203 31.2929511 121.2133288
204 31.2845041 121.2127799
205 31.2796468 121.2198773
206 31.2799723 121.2191102
207 31.2775861 121.2162574
208 31.2939747 121.2009187
209 31.2834474 121.2249628
