0 12 6 31.8350879534
1 6 12 31.8350879532
2 7 149 18.4205510859
3 149 7 18.420551086
4 149 9 223.385898
5 9 149 223.385898
6 10 14 289.264934732
7 14 10 289.264934733
8 14 15 531.323912816
9 15 14 531.323912816
10 5 7 753.921554305
11 7 5 753.921554305
12 13 8 163.405129167
13 8 13 163.405129167
14 8 5 11.3416644956
15 5 8 11.3416644959
16 9 10 32.4197517515
17 10 9 32.4197517513
18 11 4 165.07093892
19 4 11 165.07093892
20 1 2 369.367506771
21 2 1 369.367506771
22 5 3 18.1693855815
23 3 5 18.1693855817
24 3 36 210.136764953
25 36 3 210.136764952
26 36 26 101.135745386
27 26 36 101.135745386
28 30 28 28.6783056461
29 28 30 28.6783056462
30 0 20 20.8659239588
31 20 0 20.8659239588
32 29 17 690.782004801
33 17 29 690.782004801
34 25 153 321.761133528
35 153 25 321.761133528
36 153 30 362.775239215
37 30 153 362.775239215
38 23 129 469.276729162
39 129 23 469.276729162
40 129 24 76.2429326546
41 24 129 76.2429326549
42 20 116 73.2304313589
43 116 20 73.2304313592
44 116 16 471.586624534
45 16 116 471.586624534
46 22 29 27.7832420649
47 29 22 27.783242065
48 24 19 20.6175321574
49 19 24 20.617532158
50 19 95 223.814273926
51 95 19 223.814273926
52 95 190 14.2742756335
53 190 95 14.2742756331
54 190 21 230.078963278
55 21 190 230.078963278
56 16 25 24.5349553082
57 25 16 24.5349553086
58 27 191 229.521297441
59 191 27 229.521297441
60 191 89 14.7337691718
61 89 191 14.7337691717
62 89 0 224.417886379
63 0 89 224.417886379
64 11 8 18.237649015
65 8 11 18.2376490148
66 8 22 105.799612137
67 22 8 105.799612137
68 17 23 23.1895467013
69 23 17 23.1895467015
70 31 37 481.367801611
71 37 31 481.367801611
72 37 36 583.823437898
73 36 37 583.823437898
74 34 35 39.1966491777
75 35 34 39.1966491777
76 35 37 212.816163091
77 37 35 212.816163092
78 33 34 884.508158921
79 34 33 884.508158921
80 43 42 54.6291601384
81 42 43 54.6291601385
82 42 40 67.3827380098
83 40 42 67.38273801
84 40 41 47.9158155528
85 41 40 47.9158155528
86 45 44 74.6550580548
87 44 45 74.6550580548
88 44 42 169.852152438
89 42 44 169.852152438
90 42 68 76.4614599171
91 68 42 76.4614599173
92 46 44 42.5183542866
93 44 46 42.5183542867
94 44 39 202.697805856
95 39 44 202.697805855
96 39 38 60.2957070872
97 38 39 60.2957070871
98 39 40 66.7855160511
99 40 39 66.7855160509
100 164 56 5.55286007849
101 56 164 5.55286007864
102 56 54 32.8120991811
103 54 56 32.8120991812
104 54 53 8.98158575703
105 53 54 8.98158575694
106 53 52 10.544375346
107 52 53 10.544375346
108 52 50 41.031513586
109 50 52 41.0315135858
110 50 51 18.2516444125
111 51 50 18.2516444126
112 51 67 8.88541336775
113 67 51 8.88541336769
114 67 55 30.3114038113
115 55 67 30.3114038113
116 55 164 5.55498465363
117 164 55 5.55498465383
118 126 48 100.496747268
119 48 126 100.496747268
120 52 60 139.086586841
121 60 52 139.086586841
122 110 109 266.833417788
123 109 110 266.833417789
124 60 58 34.4283194807
125 58 60 34.4283194808
126 57 59 33.9212029937
127 59 57 33.9212029936
128 59 50 134.928623467
129 50 59 134.928623466
130 58 49 11.5780977091
131 49 58 11.5780977091
132 38 61 15.7616126653
133 61 38 15.7616126653
134 63 66 472.291010033
135 66 63 472.291010033
136 66 174 90.1285726236
137 174 66 90.1285726236
138 174 67 228.780019087
139 67 174 228.780019087
140 51 65 318.132817686
141 65 51 318.132817686
142 65 62 464.994381216
143 62 65 464.994381216
144 65 66 8.57910941496
145 66 65 8.57910941471
146 66 107 123.018937055
147 107 66 123.018937055
148 107 141 321.993704018
149 141 107 321.993704019
150 65 41 80.5514016692
151 41 65 80.5514016691
152 41 204 70.3258897394
153 204 41 70.3258897403
154 204 64 13.0832618119
155 64 204 13.0832618117
156 109 74 27.6395274758
157 74 109 27.6395274758
158 111 122 115.531302665
159 122 111 115.531302665
160 101 168 14.8275509936
161 168 101 14.8275509938
162 168 145 120.171245392
163 145 168 120.171245392
164 145 82 155.772117571
165 82 145 155.772117571
166 82 88 125.061150449
167 88 82 125.061150449
168 105 121 347.430604307
169 121 105 347.430604307
170 121 119 10.618466353
171 119 121 10.618466353
172 119 122 97.104796167
173 122 119 97.1047961671
174 122 203 655.475328369
175 203 122 655.47532837
176 203 85 74.4226759013
177 85 203 74.4226759014
178 85 94 271.684822289
179 94 85 271.684822289
180 124 112 72.6895089824
181 112 124 72.6895089821
182 112 88 70.4285926906
183 88 112 70.4285926907
184 88 133 109.3633618
185 133 88 109.3633618
186 133 77 17.9439480311
187 77 133 17.943948031
188 77 139 52.4134073476
189 139 77 52.4134073478
190 143 135 34.7928137091
191 135 143 34.7928137091
192 138 82 137.073555909
193 82 138 137.073555909
194 82 117 129.66897133
195 117 82 129.66897133
196 117 78 10.3425277625
197 78 117 10.3425277622
198 78 110 137.820631977
199 110 78 137.820631976
200 110 97 67.2544435619
201 97 110 67.2544435623
202 97 130 268.334251547
203 130 97 268.334251547
204 55 134 101.353642807
205 134 55 101.353642807
206 134 128 306.27979732
207 128 134 306.27979732
208 128 115 125.326443384
209 115 128 125.326443384
210 115 91 100.223326375
211 91 115 100.223326375
212 54 98 159.451859036
213 98 54 159.451859036
214 110 70 151.45629411
215 70 110 151.45629411
216 70 92 67.8283988188
217 92 70 67.8283988192
218 80 101 24.0544223036
219 101 80 24.0544223036
220 91 90 99.4342358659
221 90 91 99.434235866
222 90 87 124.430055296
223 87 90 124.430055296
224 87 108 302.915178362
225 108 87 302.915178362
226 108 56 101.435121681
227 56 108 101.43512168
228 144 132 131.059937975
229 132 144 131.059937975
230 132 99 99.8453690975
231 99 132 99.8453690975
232 137 106 186.937646933
233 106 137 186.937646933
234 120 141 102.146181335
235 141 120 102.146181335
236 141 76 10.7948551236
237 76 141 10.7948551236
238 14 113 61.1996141974
239 113 14 61.1996141981
240 85 84 132.817264569
241 84 85 132.817264569
242 84 83 138.229919505
243 83 84 138.229919504
244 83 154 126.671415663
245 154 83 126.671415663
246 154 120 12.5989318772
247 120 154 12.5989318769
248 120 156 11.472883551
249 156 120 11.4728835509
250 156 159 31.735165793
251 159 156 31.7351657929
252 159 123 195.262027496
253 123 159 195.262027496
254 130 144 25.4784597024
255 144 130 25.4784597025
256 105 77 102.569115863
257 77 105 102.569115863
258 77 78 145.297664447
259 78 77 145.297664447
260 78 104 149.651341151
261 104 78 149.651341151
262 104 170 117.256288509
263 170 104 117.256288509
264 170 103 16.4273524212
265 103 170 16.4273524212
266 102 169 15.3201618086
267 169 102 15.3201618089
268 169 100 117.37305215
269 100 169 117.37305215
270 100 117 148.977783982
271 117 100 148.977783982
272 117 133 141.224251392
273 133 117 141.224251392
274 133 105 102.142761565
275 105 133 102.142761565
276 73 53 159.738082191
277 53 73 159.738082192
278 90 115 11.0174382308
279 115 90 11.0174382308
280 115 84 118.67913733
281 84 115 118.67913733
282 84 71 112.673872093
283 71 84 112.673872092
284 47 86 146.936876778
285 86 47 146.936876777
286 135 87 208.376378064
287 87 135 208.376378064
288 87 128 13.5643760225
289 128 87 13.5643760226
290 128 83 121.425059699
291 83 128 121.425059699
292 93 116 358.542598164
293 116 93 358.542598163
294 113 75 9.53384205988
295 75 113 9.53384206012
296 98 102 27.8724902071
297 102 98 27.872490207
298 112 138 148.944319337
299 138 112 148.944319337
300 138 177 75.365490369
301 177 138 75.365490369
302 177 106 68.9753533985
303 106 177 68.9753533985
304 69 140 99.3337088605
305 140 69 99.3337088604
306 140 86 127.25210434
307 86 140 127.25210434
308 86 62 444.820825767
309 62 86 444.820825767
310 127 105 144.121522145
311 105 127 144.121522145
312 124 111 24.7742747468
313 111 124 24.7742747462
314 111 119 63.7359106902
315 119 111 63.7359106899
316 119 81 58.9002782697
317 81 119 58.9002782693
318 76 93 26.2029676425
319 93 76 26.2029676425
320 132 79 85.3645924354
321 79 132 85.3645924355
322 79 72 66.3348532978
323 72 79 66.3348532977
324 72 126 21.3057613295
325 126 72 21.3057613297
326 126 114 96.4509286063
327 114 126 96.450928607
328 114 140 88.4517511159
329 140 114 88.4517511165
330 136 99 28.3220148752
331 99 136 28.3220148747
332 99 142 21.3120480918
333 142 99 21.3120480917
334 142 125 11.578357196
335 125 142 11.5783571959
336 125 69 18.8433700659
337 69 125 18.8433700659
338 69 136 22.5896649514
339 136 69 22.5896649514
340 139 92 113.427911742
341 92 139 113.427911742
342 81 121 49.7208597502
343 121 81 49.7208597503
344 121 124 85.1132526774
345 124 121 85.1132526769
346 75 202 14.795831196
347 202 75 14.7958311959
348 103 73 27.4516922423
349 73 103 27.4516922423
350 96 95 545.797519984
351 95 96 545.797519984
352 95 89 9.95941174065
353 89 95 9.95941174064
354 139 70 76.6890084597
355 70 139 76.6890084597
356 74 49 222.226289136
357 49 74 222.226289136
358 2 12 431.703363638
359 12 2 431.703363637
360 147 89 139.463481447
361 89 147 139.463481446
362 118 146 344.185408464
363 146 118 344.185408464
364 146 118 245.108060307
365 118 146 245.108060307
366 118 147 12.9161023764
367 147 118 12.9161023763
368 116 129 10.6538459944
369 129 116 10.6538459944
370 129 131 518.918085962
371 131 129 518.918085962
372 7 150 43.9069708498
373 150 7 43.9069708501
374 150 151 10.4681957922
375 151 150 10.468195792
376 151 149 46.6237355462
377 149 151 46.6237355461
378 142 151 36.6682997772
379 151 142 36.6682997771
380 150 125 36.7408443973
381 125 150 36.7408443969
382 152 153 38.6729980002
383 153 152 38.6729980004
384 49 48 38.339647484
385 48 49 38.3396474843
386 49 72 101.292421438
387 72 49 101.292421438
388 48 57 11.92941696
389 57 48 11.9294169602
390 48 47 272.060935883
391 47 48 272.060935883
392 47 62 432.083162874
393 62 47 432.083162876
394 154 155 17.9338917042
395 155 154 17.9338917046
396 155 156 16.9303306704
397 156 155 16.9303306709
398 157 158 96.8998957629
399 158 157 96.899895763
400 158 155 50.635026811
401 155 158 50.635026811
402 155 120 11.3061946978
403 120 155 11.3061946978
404 158 159 72.4202183022
405 159 158 72.4202183021
406 163 83 77.9170319962
407 83 163 77.9170319963
408 162 163 25.1630775966
409 163 162 25.1630775966
410 160 161 17.3243815809
411 161 160 17.324381581
412 161 162 87.0570606713
413 162 161 87.0570606712
414 146 165 37.0353189327
415 165 146 37.0353189327
416 165 166 22.4963552377
417 166 165 22.4963552381
418 166 148 10.10513549
419 148 166 10.1051354895
420 172 171 190.108629085
421 171 172 190.108629085
422 171 168 202.062636012
423 168 171 202.062636012
424 168 169 126.105384985
425 169 168 126.105384985
426 169 170 6.72465204633
427 170 169 6.72465204624
428 62 63 9.79241698006
429 63 62 9.79241698007
430 63 152 226.056039508
431 152 63 226.056039508
432 152 107 518.979755955
433 107 152 518.979755955
434 107 175 90.7908830205
435 175 107 90.7908830206
436 175 123 29.364508006
437 123 175 29.3645080061
438 123 134 222.000559949
439 134 123 222.000559949
440 134 108 10.9399874251
441 108 134 10.9399874251
442 108 80 178.479225733
443 80 108 178.479225734
444 92 127 29.6084701857
445 127 92 29.608470186
446 127 81 674.189399062
447 81 127 674.189399063
448 161 173 99.9957275216
449 173 161 99.9957275219
450 173 94 117.840693657
451 94 173 117.840693657
452 94 147 18.3527720757
453 147 94 18.352772076
454 174 175 123.560296838
455 175 174 123.560296838
456 176 180 48.5092980633
457 180 176 48.5092980638
458 180 177 58.7120885246
459 177 180 58.7120885242
460 178 179 138.496902514
461 179 178 138.496902514
462 178 180 19.7436193511
463 180 178 19.7436193509
464 106 145 137.416654334
465 145 106 137.416654334
466 145 100 129.797462237
467 100 145 129.797462238
468 100 104 8.35523798845
469 104 100 8.35523798826
470 106 171 118.309766243
471 171 106 118.309766243
472 171 143 27.1540043619
473 143 171 27.1540043619
474 190 191 10.2132008257
475 191 190 10.2132008257
476 191 195 394.852016044
477 195 191 394.852016044
478 186 185 186.725834629
479 185 186 186.725834629
480 185 198 731.152982677
481 198 185 731.152982677
482 198 182 196.667284056
483 182 198 196.667284056
484 189 188 496.880915152
485 188 189 496.880915153
486 194 89 389.305932877
487 89 194 389.305932877
488 184 199 193.963070545
489 199 184 193.963070544
490 199 208 728.965002238
491 208 199 728.965002238
492 208 187 184.895313001
493 187 208 184.895313001
494 192 194 34.93321899
495 194 192 34.93321899
496 183 184 29.0781105411
497 184 183 29.0781105411
498 195 196 34.0743770283
499 196 195 34.0743770284
500 182 181 28.6704443475
501 181 182 28.6704443475
502 196 197 71.9064592374
503 197 196 71.9064592375
504 197 183 222.003232045
505 183 197 222.003232045
506 181 193 219.622265678
507 193 181 219.622265678
508 193 192 79.3154392954
509 192 193 79.3154392954
510 200 199 383.551763532
511 199 200 383.551763533
512 199 198 13.0376414054
513 198 199 13.0376414059
514 193 197 15.7606209742
515 197 193 15.7606209742
516 197 201 303.189882836
517 201 197 303.189882836
518 202 97 111.404865501
519 97 202 111.404865501
520 91 203 15.9323351427
521 203 91 15.9323351431
522 114 61 265.500650757
523 61 114 265.500650757
524 61 204 85.1167489328
525 204 61 85.1167489328
526 79 167 244.253859474
527 167 79 244.253859475
528 205 206 81.4754764399
529 206 205 81.4754764398
530 206 207 456.477555601
531 207 206 456.4775556
532 209 206 922.402280069
533 206 209 922.402280069
534 185 208 10.2372128889
535 208 185 10.2372128888
536 32 3 748.548168763
537 3 32 748.548168763
538 3 11 10.6481778055
539 11 3 10.6481778056
540 6 32 249.402262865
541 32 6 249.402262866
542 28 5 102.255646027
543 5 28 102.255646027
544 18 11 300.073542212
545 11 18 300.073542212
546 32 7 18.5467387218
547 7 32 18.5467387222
548 37 32 414.998850696
549 32 37 414.998850696
