1509179824,31.28404784,121.2089638,329,31.284030084,121.209003727,0.399592334849,4.28127083205
1509179826,31.28404784,121.2089638,329,31.284030084,121.209003727,0.399592334849,4.28127083205
1509179828,31.28404893,121.20900782,329,31.284047338,121.2090114,0.422731826958,0.383848405889
1509179830,31.28407069,121.20902479,329,31.2840718058,121.209022281,0.455545655651,0.269040710056
1509179833,31.2840581,121.20901987,329,31.2840594679,121.209016794,0.438999250988,0.32982642496
1509179835,31.28404861,121.2090122,329,31.2840486971,121.209012004,0.424554485792,0.0209633906589
1509179837,31.28404861,121.2090122,329,31.2840486971,121.209012004,0.424554485792,0.0209633906589
1509179839,31.28403419,121.2090023,329,31.2840329824,121.209005016,0.403479384382,0.291179677909
1509179841,31.28403419,121.2090023,329,31.2840329824,121.209005016,0.403479384382,0.291179677909
1509179843,31.28402862,121.20899749,329,31.2840265462,121.209002153,0.394847793301,0.500030881768
1509179845,31.28404092,121.20899949,329,31.2840375578,121.20900705,0.409615527892,0.810679077832
1509179847,31.28405317,121.20900223,329,31.2840488024,121.209012051,0.424695750515,1.05308930755
1509179849,31.28405563,121.20900502,329,31.2840518921,121.209013425,0.428839359903,0.901258128315
1509179851,31.28416394,121.20903193,329,31.2841575994,121.209059043,0.570058287828,2.67571632023
1509179853,31.28433542,121.20901156,329,31.28433542,121.2090977,0.793423407616,8.20217678842
1509179855,31.28446874,121.20923996,329,31.28446874,121.2090977,0.956792676195,13.5459371553
1509179857,31.28459717,121.2091679,327,31.2845814416,121.209083302,0.0870651925101,8.24192199777
1509179859,31.28465619,121.20919917,327,31.2846328702,121.20907374,0.144884792011,12.219988445
1509179862,31.28470895,121.20916571,327,31.2846898804,121.209063141,0.208979663759,9.9927784278
1509179863,31.28481299,121.20927577,327,31.2847170355,121.209055267,0.240429535077,23.5376920182
1509179866,31.28494084,121.20934349,327,31.2847997526,121.209019272,0.340140725184,34.6088096426
1509179868,31.28494084,121.20934349,327,31.2847997526,121.209019272,0.340140725184,34.6088096426
1509179870,31.28510658,121.20918011,327,31.2849345126,121.20894114,0.513300449238,29.693945736
1509179872,31.28510658,121.20918011,327,31.2849345126,121.20894114,0.513300449238,29.693945736
1509179874,31.28526566,121.2088678,327,31.2851551473,121.208758706,0.830815603865,16.0636998155
1509179876,31.28535372,121.2086762,325,31.2852716961,121.208632798,0.0892472888233,9.98927879374
1509179878,31.28539382,121.20857491,325,31.28532234,121.208537088,0.591666618201,8.70519293986
1509179880,31.28540304,121.2085865,325,31.2853195656,121.208542331,0.564142516941,10.1659345599
1509179882,31.28545089,121.20842186,323,31.285389925,121.208396262,0.0989645908817,7.18547822132
1509179884,31.28546539,121.20834069,323,31.2854210716,121.208322082,0.215450740721,5.22346611613
1509179886,31.28547753,121.20834869,323,31.2854200355,121.208324549,0.21157575952,6.77643260067
1509179888,31.2855099,121.20827458,323,31.2854384741,121.208263791,0.304196042722,7.98565741772
1509179890,31.28555328,121.20819523,323,31.2854511606,121.208179804,0.427175992188,11.4172951189
1509179893,31.28559298,121.20813454,323,31.2854610092,121.208114605,0.522646131431,14.754781768
1509179895,31.28560781,121.20810153,323,31.2854662151,121.208080141,0.573110879032,15.830789133
1509179897,31.28560017,121.20802802,323,31.285476901,121.2080094,0.676696994086,13.7818965134
1509179899,31.28560017,121.20802802,323,31.285476901,121.2080094,0.676696994086,13.7818965134
1509179901,31.28554457,121.20783121,323,31.2854782,121.20783121,0.934831850637,7.35873289338
1509179903,31.28554457,121.20783121,323,31.2854782,121.20783121,0.934831850637,7.35873289338
1509179905,31.28553802,121.20756371,321,31.2854256239,121.207594543,0.227900919008,12.8030031996
1509179907,31.2855972,121.20727891,321,31.285351214,121.207371197,0.498133177723,28.6542087656
1509179909,31.28560153,121.20724954,321,31.2853420891,121.207346875,0.527922644547,30.2215533784
1509179911,31.28560012,121.20716024,321,31.2853176,121.2072816,0.607870289821,33.3877562702
1509179913,31.28558666,121.20708482,321,31.2853019418,121.207255476,0.642796691837,35.5047465038
1509179915,31.28561018,121.20697274,229,31.2853164339,121.206753896,0.225268881836,38.6646922754
1509179917,31.28563335,121.20682528,229,31.2853953512,121.206647968,0.327068211905,31.3268811833
1509179919,31.28565606,121.20678849,229,31.2854210829,121.206613429,0.36026089151,30.9291352756
1509179922,31.28566533,121.20668662,229,31.285473197,121.206543479,0.427485400888,25.2897320708
1509179924,31.28567663,121.20660354,229,31.2855155933,121.206486034,0.482508310081,21.0709350025
1509179926,31.28567663,121.20660354,229,31.2855155933,121.206486034,0.482508310081,21.0709350025
1509179928,31.28574083,121.20653292,229,31.2855715258,121.206409381,0.555636406604,22.1526995541
1509179930,31.28584054,121.20644944,229,31.2856459195,121.206307428,0.652901404164,25.4652126158
1509179932,31.28584054,121.20644944,229,31.2856459195,121.206307428,0.652901404164,25.4652126158
1509179934,31.28593983,121.20635467,229,31.2857255431,121.206198308,0.757004171115,28.0384588451
1509179936,31.28596404,121.20611954,229,31.2858459142,121.206033345,0.914381499696,15.4561980769
1509179938,31.28602064,121.20611141,229,31.2858694508,121.206001089,0.945154194754,19.7824048443
1509179940,31.28609292,121.20611422,255,31.2859114151,121.20594358,0.0001,25.8647135023
1509179942,31.286158,121.20599681,255,31.2859745648,121.205859325,0.418032897632,24.1872219256
1509179944,31.28615495,121.20588253,255,31.2860283119,121.205787614,0.77373877426,16.6980875691
1509179946,31.28625656,121.20587493,203,31.2860678857,121.205734751,0.00349248787115,24.8146644028
1509179948,31.28633877,121.20577912,203,31.2861429911,121.205633663,0.0521965633711,25.7490585156
1509179951,31.2863766,121.20565677,203,31.286215017,121.205536719,0.0989036370145,21.2515706442
1509179952,31.2864733,121.20545592,203,31.2863455605,121.205361014,0.1835579178,16.8004108748
1509179955,31.28651697,121.20540288,203,31.2863864837,121.205305933,0.210095644597,17.161697236
1509179957,31.28660231,121.20539124,203,31.2864224088,121.205257579,0.233392252589,23.6607837521
1509179959,31.28660231,121.20539124,203,31.2864224088,121.205257579,0.233392252589,23.6607837521
1509179961,31.28670276,121.20522052,203,31.2865398623,121.205099492,0.30955801629,21.4244618712
1509179963,31.28676623,121.20519965,203,31.2865724275,121.205055661,0.330675768661,25.4890875887
1509179965,31.2868498,121.20517124,203,31.2866157512,121.204997349,0.358770145847,30.7823145343
1509179967,31.28692159,121.20508565,203,31.2866822581,121.204907834,0.401898259772,31.4771494793
1509179969,31.28698033,121.20499859,203,31.2867448272,121.204823619,0.442472813786,30.9735385059
1509179971,31.28704319,121.20490611,203,31.2868114563,121.204733939,0.485680182038,30.4778182685
1509179973,31.2871247,121.20466089,203,31.2869589261,121.204535704,0.581232647279,21.9068230803
1509179975,31.28715324,121.20463281,203,31.2869827949,121.204504097,0.596550402988,22.5241245907
1509179977,31.28720817,121.20457659,203,31.2870297804,121.204441877,0.626703350696,23.5739767386
1509179979,31.28730641,121.20455618,203,31.2871213863,121.204338863,0.680314129122,29.1377895024
1509179981,31.28743639,121.204513,203,31.2872970364,121.204236138,0.759239175129,30.5561211135
1509179984,31.28752957,121.20443246,203,31.2874768564,121.204176293,0.833166119873,25.0817713214
1509179985,31.28762521,121.20439604,203,31.28762521,121.2041626,0.891079424368,22.2273177883
1509179988,31.28771477,121.20437422,203,31.2877501562,121.20416658,0.939531196255,20.1562110441
1509179990,31.28781895,121.20427547,203,31.2878500676,121.204187486,0.979106812458,9.06004800207
1509179992,31.28791173,121.20429789,201,31.2879551307,121.204232941,0.0938631268694,7.83580464823
1509179994,31.2879819,121.2043534,201,31.288032599,121.204287292,0.239935714695,8.43909683596
1509179996,31.2879819,121.2043534,201,31.288032599,121.204287292,0.239935714695,8.43909683596
1509179998,31.28810496,121.20434617,201,31.2881048839,121.204346257,0.383933528754,0.0117986626826
1509180000,31.28816782,121.20439752,201,31.2881626243,121.204401915,0.507961582791,0.712034340607
1509180002,31.28818314,121.20439823,201,31.2881693648,121.204409883,0.524063229574,1.88781202007
1509180004,31.28822064,121.20445698,201,31.2882139756,121.204462618,0.63063032561,0.913320413317
1509180006,31.28827585,121.20455613,201,31.2882858942,121.204547633,0.802430886534,1.37649494304
1509180008,31.28830977,121.20461153,201,31.2883273599,121.20459665,0.901484831752,2.41058153898
1509180010,31.28834574,121.20467181,199,31.2883723925,121.204650044,0.00442735726552,3.6093766227
1509180012,31.28843193,121.20477362,199,31.2884567556,121.204753346,0.102913353738,3.36197071991
1509180014,31.2884929,121.20481293,199,31.2885004083,121.204806798,0.153873804091,1.01680135769
1509180017,31.28861872,121.20490941,199,31.2885980161,121.204926318,0.267821698236,2.80380085114
1509180018,31.28869948,121.20495998,199,31.2886551032,121.204996221,0.334465593167,6.00966023736
1509180021,31.28878548,121.20503597,199,31.2887267406,121.20508394,0.418095524239,7.95469257892
1509180023,31.28884769,121.20510222,199,31.2887840879,121.205154162,0.485043037348,8.61322293765
1509180025,31.28884769,121.20510222,199,31.2887840879,121.205154162,0.485043037348,8.61322293765
1509180027,31.28890041,121.20521076,199,31.2888583568,121.205245103,0.571745043636,5.69498926312
1509180029,31.28890041,121.20521076,199,31.2888583568,121.205245103,0.571745043636,5.69498926312
1509180031,31.28891657,121.2053248,199,31.2889206927,121.205321433,0.644516310502,0.55830637573
1509180033,31.28898832,121.20543635,199,31.2890040501,121.205423504,0.741828331462,2.13023032997
1509180035,31.28903219,121.20548893,199,31.2890473624,121.205476539,0.792391303635,2.05469653507
1509180037,31.28910768,121.20556702,199,31.2891158236,121.205560369,0.872313304659,1.10283047808
1509180039,31.28917894,121.2056452,199,31.2891826364,121.205642181,0.950311039578,0.50058371298
1509180041,31.28925951,121.20569448,197,31.2892464841,121.205711041,0.275343907647,2.1382790828
1509180043,31.28937124,121.2057377,272,31.2893324466,121.205711223,0.0378951164188,4.98553963828
1509180046,31.28944483,121.20572382,272,31.2893622956,121.205667489,0.0756666130962,10.6069318359
1509180047,31.28956693,121.20562855,272,31.2894454572,121.205545643,0.180901007541,15.6111116105
1509180050,31.28956693,121.20562855,272,31.2894454572,121.205545643,0.180901007541,15.6111116105
1509180052,31.2896477,121.20556461,272,31.2895008967,121.205464415,0.251055316157,18.8664928121
1509180054,31.28970313,121.20550057,272,31.2895483299,121.205394917,0.311078355674,19.8941950486
1509180056,31.28975306,121.20541964,272,31.2896018796,121.205316457,0.378841257128,19.4290065955
1509180058,31.28985955,121.2053161,272,31.2896848534,121.205195054,0.48373925951,22.5389696231
1509180060,31.28991036,121.2052634,272,31.2897260054,121.205135663,0.535283192497,23.7850138281
1509180062,31.28996095,121.20521007,272,31.289767381,121.205075948,0.587107147454,24.9738298331
1509180064,31.29004496,121.20502993,272,31.2898789617,121.204914911,0.726864577987,21.4167237699
1509180066,31.29006326,121.20492114,272,31.2899432528,121.204824135,0.806242291109,16.1972608762
1509180068,31.29015938,121.20484453,272,31.2900186918,121.204730808,0.891847742023,18.9885485258
1509180070,31.29019765,121.20476179,272,31.2900742663,121.204662055,0.954911652894,16.6529752891
1509180072,31.29026424,121.2046323,274,31.2901780771,121.204547666,0.0914744513472,12.4980499177
1509180074,31.29028073,121.20457957,274,31.2902125353,121.204512585,0.140665910999,9.89173421649
1509180076,31.29031096,121.20453507,274,31.2902496262,121.204474824,0.19361573594,8.89654735595
1509180079,31.29034589,121.20450089,274,31.2902838659,121.204439966,0.2424952313,8.99667721943
1509180080,31.29039639,121.20446984,274,31.2903241865,121.204398917,0.300055655701,10.4732103115
1509180083,31.29046003,121.20444427,274,31.29036822,121.204354089,0.362916432046,13.3171622299
1509180085,31.29053426,121.20442088,274,31.2904163638,121.204305075,0.43164509719,17.1010278942
1509180087,31.29061598,121.20438619,274,31.2904738348,121.204246566,0.513688792677,20.6183878364
1509180089,31.29067032,121.20436554,274,31.2905108418,121.204208891,0.566518925839,23.1325514204
1509180091,31.29070937,121.20425459,274,31.2905854835,121.204132901,0.673075019934,17.9699207903
1509180093,31.29073114,121.20418673,274,31.2906234,121.2040943,0.727203396592,14.8373454663
1509180095,31.29072782,121.20417037,274,31.2906234,121.2040943,0.727203396592,13.6564073097
1509180097,31.29071604,121.20415964,274,31.2906234,121.2040943,0.727203396592,12.0085491228
1509180099,31.29071201,121.20414675,274,31.2906234,121.2040943,0.727203396592,11.0209641309
1509180101,31.2907036,121.20414702,274,31.2906234,121.2040943,0.727203396592,10.2111012346
1509180103,31.2906365,121.20420386,275,31.2905750615,121.204143511,0.341803057634,8.91171957444
1509180105,31.29057717,121.20426011,275,31.290517807,121.2042018,0.423537876884,8.61067801193
1509180108,31.29051301,121.20431653,275,31.2904580956,121.20426259,0.508779895277,7.96539562063
1509180109,31.29044527,121.20437842,275,31.2903938918,121.204327953,0.600435301713,7.45247602072
1509180112,31.29037131,121.20444195,275,31.2903258137,121.204397261,0.697621405116,6.59929599333
1509180114,31.29030283,121.20449616,275,31.2902650859,121.204459085,0.784314573465,5.47483808226
1509180116,31.29025661,121.20456385,275,31.2902085499,121.204516642,0.865023543802,6.97118521745
1509180118,31.29023826,121.20465148,185,31.2901932033,121.204694965,0.108581179791,6.48838139679
1509180120,31.29031615,121.20482668,185,31.2903183113,121.204824594,0.28009380498,0.311239682587
1509180122,31.29034191,121.20491807,185,31.2903751785,121.204881715,0.356857427855,5.05840079023
1509180124,31.29037057,121.20502165,185,31.2904423632,121.204943197,0.443559112572,10.9160036578
1509180126,31.29045019,121.20505619,185,31.2905028977,121.204998593,0.521678656905,8.01409131195
1509180128,31.29051358,121.2051136,185,31.2905659894,121.205056329,0.603098226824,7.96872791637
1509180130,31.29059572,121.20513519,185,31.2906196217,121.205104407,0.671695408737,3.9513449025
1509180132,31.29065201,121.20519441,185,31.2906834262,121.205153949,0.748600687187,5.19362614462
1509180134,31.29072665,121.20524997,185,31.2907569058,121.205211004,0.837167547842,5.00179247064
1509180136,31.29080198,121.20530158,185,31.2908289025,121.205266907,0.923946954589,4.45073224817
1509180138,31.29087113,121.20534242,185,31.2908918265,121.205315765,0.999790869655,3.42147088771
1509180141,31.29094968,121.20537522,183,31.2909612981,121.205354197,0.121520639672,2.38028748529
1509180143,31.29103121,121.20540335,183,31.2910356619,121.205395294,0.251924516922,0.912092359388
1509180145,31.29109848,121.20543302,183,31.2911007683,121.205428374,0.36403282421,0.509956858555
1509180147,31.29116148,121.20546654,183,31.2911647554,121.20545989,0.473506643074,0.729918233558
1509180149,31.29116148,121.20546654,183,31.2911647554,121.20545989,0.473506643074,0.729918233558
1509180151,31.2913657,121.20560167,183,31.291384477,121.205557554,0.842665016556,4.6880250415
1509180153,31.29156229,121.20560249,181,31.2915561662,121.205621993,0.122784614509,1.97713288276
1509180155,31.29163888,121.20559073,180,31.2916225214,121.205642828,0.771905903074,5.28155042582
1509180157,31.29159955,121.20579286,298,31.2914675232,121.205784907,0.119966092422,14.6579766798
1509180159,31.2916016,121.20581641,298,31.2914661171,121.205808249,0.134924002031,15.0416760528
1509180161,31.29158006,121.20586199,298,31.2914633036,121.205854957,0.164855451397,12.9626151922
1509180163,31.29157091,121.20592428,298,31.2914595319,121.205917571,0.204979753963,12.3654999285
1509180165,31.29155877,121.20595742,298,31.291457499,121.20595132,0.226606681581,11.2433855877
1509180168,31.29154622,121.20602595,298,31.2914533405,121.206020355,0.270846015005,10.3117380787
1509180170,31.29152786,121.20611619,298,31.291447858,121.206111371,0.329170719885,8.88204538387
1509180172,31.29150697,121.20620503,298,31.2914424503,121.206201144,0.386698827797,7.16315180514
1509180174,31.29150697,121.20620503,298,31.2914424503,121.206201144,0.386698827797,7.16315180514
1509180176,31.29149031,121.20637897,298,31.2914319503,121.206375455,0.498400885439,6.47925107489
1509180178,31.29149031,121.20637897,298,31.2914319503,121.206375455,0.498400885439,6.47925107489
1509180180,31.29149455,121.20657209,298,31.2914203747,121.206567622,0.621545591568,8.2351423473
1509180182,31.29149963,121.20683175,298,31.2914048085,121.206826038,0.787144008513,10.5273454128
1509180184,31.29149963,121.20683175,298,31.2914048085,121.206826038,0.787144008513,10.5273454128
1509180186,31.29149037,121.20700683,298,31.2913942668,121.207001041,0.899289344246,10.6696389576
1509180188,31.29142158,121.20712362,298,31.2913870084,121.207121538,0.976505933679,3.83822853048
1509180190,31.29140927,121.20721544,300,31.2913838523,121.207215016,0.0717918262506,2.81845817783
1509180192,31.29139421,121.20730362,300,31.2913823778,121.207303423,0.183500943842,1.31202437797
1509180194,31.29138624,121.20745096,300,31.2913799187,121.207450855,0.369793486937,0.700939545513
1509180197,31.29138874,121.2075127,300,31.2913788899,121.207512536,0.447732761778,1.09223319196
1509180198,31.29138777,121.20761365,300,31.2913772064,121.207613474,0.575276479267,1.17135875757
1509180201,31.29138048,121.20770506,300,31.2913756801,121.20770498,0.690902123925,0.532241655432
1509180203,31.29137184,121.20780288,300,31.2913740466,121.207802917,0.814653530583,0.244677661275
1509180205,31.29137184,121.20780288,300,31.2913740466,121.207802917,0.814653530583,0.244677661275
1509180207,31.2913943,121.20787378,300,31.2913728706,121.207873423,0.903743457572,2.37621892622
1509180209,31.2913943,121.20787378,300,31.2913728706,121.207873423,0.903743457572,2.37621892622
1509180211,31.2914462,121.20807703,302,31.2913695098,121.208075759,0.174181166119,8.50384417398
1509180213,31.29143112,121.20836008,302,31.2913648175,121.208358982,0.565209883195,7.35200164837
1509180215,31.2914002,121.20854933,302,31.2913616744,121.208548692,0.827132015568,4.27193662754
1509180217,31.29136771,121.20861389,302,31.2913605962,121.208613772,0.916984868469,0.788820390246
1509180219,31.29135911,121.20871756,470,31.291357896,121.208717513,0.0351345892015,0.134680058329
1509180221,31.29138883,121.20879053,470,31.2913550945,121.208789212,0.0928960687409,3.74250653052
1509180223,31.29136787,121.20892605,470,31.2913497756,121.208925343,0.20256426164,2.00733254326
1509180225,31.29137667,121.20895794,470,31.2913485449,121.208956841,0.227939337313,3.1201061038
1509180227,31.29139,121.20906059,470,31.2913445606,121.209058815,0.310089902531,5.04090075767
1509180230,31.29138439,121.20919332,470,31.291339374,121.209191561,0.417031448099,4.99393728449
1509180232,31.29137636,121.20934649,470,31.2913333862,121.209344811,0.540490558723,4.76737831341
1509180234,31.29136819,121.2094593,470,31.2913289728,121.209457768,0.631489331028,4.35063732358
1509180236,31.29136561,121.20953532,470,31.2913260031,121.209533772,0.692719312071,4.39386432791
1509180238,31.29136561,121.20953532,470,31.2913260031,121.209533772,0.692719312071,4.39386432791
1509180240,31.29136228,121.20964816,470,31.2913215959,121.20964657,0.783590101088,4.5133692201
1509180242,31.2913199,121.20979518,470,31.2913157957,121.20979502,0.903181854714,0.455319185892
1509180244,31.29136383,121.20987171,470,31.291312877,121.209869719,0.963360322533,5.65256400759
1509180246,31.29137826,121.20993761,472,31.29131033,121.209934963,0.0693695210832,7.53591825102
1509180248,31.29137869,121.2100156,472,31.2913072967,121.210012818,0.342641074869,7.92012629257
1509180250,31.29133801,121.21021018,190,31.291299591,121.210208253,0.0223484984179,4.26363490925
1509180252,31.29132915,121.21029678,190,31.2912952354,121.210295079,0.260358262436,3.7637463285
1509180254,31.29129326,121.2103981,190,31.2912900754,121.21039794,0.542325242942,0.353411417533
1509180256,31.29128397,121.21049709,190,31.2912850988,121.210497147,0.814272550127,0.125271992801
1509180258,31.29128997,121.21060185,286,31.2912803645,121.210601499,0.0168931261002,1.06552816021
1509180260,31.29128719,121.21070912,286,31.2912764518,121.210708728,0.0663863566008,1.19118212096
1509180263,31.29127879,121.2108269,286,31.2912721485,121.210826658,0.120818736013,0.736730049323
1509180265,31.29125849,121.21094231,286,31.2912679159,121.210942654,0.174358814538,1.04560110542
1509180267,31.29124863,121.21110805,286,31.291261863,121.211108533,0.250923076086,1.46792140285
1509180269,31.29124863,121.21110805,286,31.291261863,121.211108533,0.250923076086,1.46792140285
1509180271,31.29126222,121.2112778,286,31.2912556952,121.211277562,0.328941330403,0.723792034926
1509180273,31.29124964,121.21135389,286,31.2912529056,121.211354009,0.36422687059,0.362252288595
1509180275,31.29122678,121.2114252,286,31.2912502766,121.211426057,0.397481963731,2.60645369897
1509180277,31.29119693,121.21150138,286,31.2912406325,121.211507601,0.435393198504,4.88155825616
1509180279,31.29118171,121.21166225,286,31.2912126124,121.211671064,0.512009591404,3.52756439472
1509180281,31.29118432,121.21175442,286,31.2911884977,121.211755612,0.552563274511,0.476888446178
1509180283,31.29112858,121.21199069,286,31.2911111147,121.211984667,0.664100629022,2.01958561104
1509180285,31.29111682,121.21201791,286,31.2911014754,121.212012618,0.677738603798,1.77436720121
1509180287,31.29110577,121.21207614,286,31.291082354,121.212068065,0.704791974142,2.70769890832
1509180289,31.29107945,121.21220684,286,31.2910392737,121.212192985,0.765742787935,4.64575644697
1509180291,31.29105066,121.21229986,286,31.2910075442,121.212284991,0.810634366798,4.98566459138
1509180293,31.29100013,121.21243685,286,31.2909599521,121.212422994,0.877968689046,4.64594366746
1509180296,31.29091589,121.2125452,286,31.2909176041,121.212545791,0.937883617034,0.198203413007
1509180298,31.29085256,121.21259184,286,31.290896498,121.212606993,0.967744944264,5.08073899591
1509180300,31.29078345,121.21261175,224,31.290778017,121.212621904,0.0378882510758,1.13910474055
1509180302,31.29067143,121.21256779,224,31.290672643,121.212565523,0.079613895571,0.254325592325
1509180304,31.29067143,121.21256779,224,31.290672643,121.212565523,0.079613895571,0.254325592325
1509180306,31.29050301,121.21251505,224,31.2905249448,121.212482582,0.138805694985,3.9333751617
1509180308,31.29031139,121.21242038,224,31.2903494599,121.212364028,0.212746035407,6.82674190597
1509180310,31.29027938,121.21241423,224,31.2903246283,121.212347253,0.223208789662,8.11398692952
1509180312,31.29021143,121.21236619,224,31.2902556881,121.212300678,0.252256638174,7.93643129898
1509180314,31.29015111,121.21231792,224,31.2901979878,121.21225841,0.277245880665,7.68893814586
1509180316,31.29003296,121.21223376,224,31.290084169,121.212168752,0.32783318801,8.39935202094
1509180318,31.28997927,121.21219743,224,31.2900333777,121.212128742,0.350407634542,8.87479854609
1509180320,31.28991505,121.2121715,224,31.2899811438,121.212087596,0.373623213844,10.8407849584
1509180322,31.28984712,121.21212375,224,31.289916014,121.212036291,0.402570498402,11.300068809
1509180325,31.28974489,121.21203175,224,31.2898082082,121.211951369,0.450485288514,10.3855307556
1509180326,31.28970073,121.21198483,224,31.2897581499,121.211911937,0.472733918765,9.41809429397
1509180329,31.28962388,121.21191614,224,31.2896773368,121.211848278,0.508651718831,8.76805388619
1509180331,31.28954902,121.2118522,224,31.2896000606,121.211787405,0.542997497591,8.37174831917
1509180333,31.28954902,121.2118522,224,31.2896000606,121.211787405,0.542997497591,8.37174831917
1509180335,31.28943829,121.21173453,224,31.2894745314,121.211688522,0.598789519305,5.94437779879
1509180337,31.28936591,121.21163563,224,31.2893817917,121.211615469,0.640008163008,2.60493438635
1509180339,31.28936591,121.21163563,224,31.2893817917,121.211615469,0.640008163008,2.60493438635
1509180341,31.2892447,121.21154278,224,31.2892618604,121.211520995,0.693312187919,2.81467638463
1509180343,31.28913337,121.21143969,224,31.2891430532,121.211427399,0.746118404918,1.58813518536
1509180345,31.28910052,121.21141319,224,31.2891099021,121.211401281,0.76085337776,1.53875316969
1509180347,31.28900657,121.21134504,224,31.289016827,121.211330637,0.801661130363,1.78153597407
1509180349,31.28886181,121.21126676,224,31.2888837914,121.211235894,0.858684221568,3.81795333675
1509180351,31.28878863,121.2112426,224,31.2888238211,121.211193186,0.884389317888,6.11234702388
1509180353,31.28871657,121.21121332,224,31.2887621747,121.211149283,0.910812869752,7.92107645543
1509180355,31.28860667,121.21118887,224,31.2886777039,121.211089126,0.947019606103,12.3379344236
1509180358,31.2885499,121.21120456,441,0,0,0,0
1509180358,31.2885499,121.21120456,439,31.288463791,121.211153013,0.0299642079489,10.7349922641
1509180360,31.28846924,121.21125686,439,31.2884194628,121.211227062,0.0686787646184,6.20559591158
1509180362,31.28839796,121.21131607,439,31.288374564,121.211302064,0.107891698134,2.91671984099
1509180364,31.28833304,121.21138445,439,31.2883273018,121.211381015,0.149168696421,0.715361752931
1509180366,31.28827686,121.21147189,439,31.2882739457,121.211470145,0.195767970161,0.363321763327
1509180368,31.28820878,121.21159029,439,31.288203806,121.211587312,0.257025354232,0.620100131683
1509180370,31.28816273,121.2116565,439,31.2881624784,121.211656349,0.293119338653,0.0313556611726
1509180372,31.28809224,121.21174755,439,31.288103756,121.211754444,0.344405210386,1.43567590372
1509180374,31.2880032,121.21190926,439,31.2880089999,121.211912732,0.427161616834,0.723065610648
1509180376,31.28797034,121.21195937,439,31.2879782474,121.211964104,0.454019759415,0.985793480236
1509180378,31.28791835,121.21203083,439,31.287933039,121.212039623,0.493503050017,1.83124344832
1509180380,31.2878712,121.21212155,439,31.2878806196,121.212127189,0.539284185526,1.17432005961
1509180382,31.28780454,121.21220322,439,31.2878270415,121.21221669,0.586077308025,2.80520660437
1509180384,31.28774687,121.2122821,439,31.2877770646,121.212300175,0.629725214315,3.76429351181
1509180386,31.2876495,121.21242704,439,31.2876875015,121.212449789,0.707946280668,4.7375596947
1509180389,31.28761223,121.2124641,439,31.2876613367,121.212493497,0.73079768208,6.12201274532
1509180391,31.28754633,121.21270667,439,31.2875370502,121.212701115,0.839344813403,1.15689280236
1509180393,31.28750449,121.21275119,439,31.2875063921,121.212752329,0.866120473354,0.237125230701
1509180395,31.28744328,121.21282401,439,31.2874581519,121.212832913,0.908251578467,1.85405134232
1509180397,31.28744328,121.21282401,439,31.2874581519,121.212832913,0.908251578467,1.85405134232
1509180399,31.28739252,121.21297328,439,31.2873789771,121.212965173,0.97739991189,1.68836272821
1509180401,31.28727037,121.2131979,437,31.2872455585,121.213182581,0.695611314019,3.1137329383
1509180403,31.28725239,121.2132265,437,31.2872278116,121.213211325,0.810403421058,3.08447500382
1509180405,31.28722814,121.21330249,435,31.2871871486,121.213277196,0.0237575254995,5.14358430786
1509180407,31.28715658,121.21337573,435,31.2871346761,121.213362206,0.133552988318,2.74887127623
1509180409,31.28708412,121.21344888,435,31.2870819768,121.213447557,0.243798683476,0.268963109695
1509180411,31.28701801,121.21357969,435,31.2870052549,121.213571814,0.404299118977,1.6007208005
1509180413,31.28695606,121.21366001,435,31.2869522514,121.213657658,0.515181370188,0.477970794626
1509180415,31.28685754,121.21377651,435,31.2868729809,121.213786044,0.681013399123,1.93778574641
1509180418,31.28683113,121.21381729,435,31.286847462,121.213827374,0.734398466321,2.04960981925
1509180420,31.2867551,121.21389986,435,31.2867895664,121.213921141,0.85551469732,4.32542505454
1509180422,31.28666742,121.2139303,147,31.2866383784,121.213965779,0.0904721547034,4.66696130969
1509180424,31.28660393,121.21393642,147,31.2866033608,121.213937115,0.129050596802,0.0914743709747
1509180426,31.28652537,121.2139199,147,31.2865482225,121.213891982,0.189795653644,3.67238114503
1509180428,31.2864476,121.21387833,147,31.2864812792,121.213837185,0.263546146108,5.4122241681
1509180430,31.2864037,121.21386154,147,31.2864467627,121.213808932,0.301572458476,6.92015187599
1509180432,31.28622825,121.21370828,147,31.2862665853,121.213661447,0.500071324312,6.16046364852
1509180434,31.2862083,121.21369007,147,31.2862457138,121.213644363,0.523065055517,6.0123940608
1509180436,31.28612852,121.21359618,147,31.2861519227,121.21356759,0.626393436726,3.76080486562
1509180438,31.28611862,121.21357697,147,31.286136579,121.21355503,0.643297358249,2.8860054079
1509180440,31.28605724,121.21351376,147,31.2860688432,121.213499585,0.717920920979,1.86462913501
1509180442,31.28595119,121.21344184,147,31.2859700902,121.21341875,0.8267156847,3.03725640957
1509180444,31.2858986,121.21342665,147,31.2859311544,121.213386879,0.869610650684,5.23149297927
1509180447,31.28579802,121.21340632,147,31.2858609633,121.213329424,0.946939217609,10.1149864436
1509180448,31.28571468,121.21341445,145,0,0,0,0
1509180448,31.28571468,121.21341445,142,31.2856636431,121.21338449,0.0387348903114,6.33710932719
1509180451,31.28566097,121.21345198,142,31.2856334929,121.21343585,0.0526286155062,3.41175384036
1509180453,31.28566097,121.21345198,142,31.2856334929,121.21343585,0.0526286155062,3.41175384036
1509180455,31.28557032,121.21358091,142,31.2855539718,121.213571313,0.0892733260001,2.02991244885
1509180457,31.28550421,121.21367826,142,31.2854945273,121.213672576,0.116666395578,1.20227966391
1509180459,31.28544669,121.21374505,142,31.2854506262,121.213747361,0.136896759102,0.488747700207
1509180461,31.28535635,121.21383039,142,31.2853772158,121.213847761,0.166004048046,2.8439236819
1509180463,31.28533724,121.21386926,142,31.2853502803,121.213880116,0.175825427458,1.77733614156
1509180465,31.28527998,121.21403385,142,31.2852367286,121.213978669,0.211044001452,7.11363824004
1509180467,31.28523875,121.21403353,142,31.2852113443,121.213998565,0.218568150008,4.5074696106
1509180469,31.2852121,121.21405782,142,31.2851885018,121.214013533,0.224963726809,4.96265269728
1509180471,31.28518831,121.21406635,142,31.2851664327,121.214025293,0.230797490181,4.60075607031
1509180473,31.28505689,121.21410829,142,31.285048,121.2140884,0.262104051794,2.13503807585
1509180475,31.28494091,121.21413222,142,31.2849376196,121.21412112,0.288962032448,1.11812582806
1509180477,31.28487526,121.21413637,142,31.2848743885,121.214128068,0.303808343807,0.796435342923
1509180480,31.28477963,121.21414278,142,31.2847797989,121.214136494,0.325982570526,0.598871497998
1509180481,31.28468192,121.21414586,142,31.2846822421,121.214133872,0.348749645464,1.14202051242
1509180484,31.28459657,121.21414598,142,31.2845969569,121.214131581,0.368652865832,1.37177110212
1509180486,31.28449646,121.21414242,142,31.2844964403,121.214128901,0.392110621069,1.28725698922
1509180488,31.28440408,121.21413643,142,31.2844040692,121.214129036,0.413659734427,0.704072274757
1509180490,31.28440408,121.21413643,142,31.2844040692,121.214129036,0.413659734427,0.704072274757
1509180492,31.28414038,121.21413657,142,31.2841403696,121.21412942,0.475177842409,0.680798208897
1509180494,31.28400872,121.21414621,142,31.2840086958,121.214129612,0.505895826514,1.58043719714
1509180496,31.28396551,121.2142052,142,31.2839653999,121.214129675,0.515996266455,7.19143471456
1509180498,31.28378453,121.21421151,142,31.2837844111,121.214129939,0.558218884919,7.7671606495
1509180500,31.28372424,121.21419248,142,31.283724149,121.214130027,0.572277349536,5.94676542377
1509180502,31.28363212,121.2142003,142,31.2836320177,121.214130161,0.593770504909,6.67860177343
1509180504,31.28352184,121.21417855,142,31.2835217697,121.214130322,0.619490114349,4.59226774707
1509180506,31.28339693,121.21413788,142,31.2833969192,121.214130504,0.648616293183,0.702335551648
1509180509,31.28330033,121.21415293,142,31.2833002975,121.214130645,0.671157038035,2.12198891727
1509180510,31.28319793,121.21414695,142,31.2831979064,121.214130794,0.695043701116,1.538359036
1509180513,31.28314058,121.21414409,142,31.2831405607,121.214130878,0.708421798415,1.25806859068
1509180515,31.28306763,121.2141583,142,31.2830675902,121.214130984,0.725444995052,2.60102372315
1509180517,31.28296536,121.21415341,142,31.2829653275,121.214131133,0.749301701405,2.12120126506
1509180519,31.28286219,121.21417538,142,31.2828621257,121.214131284,0.773377502341,4.19887698182
1509180521,31.28282718,121.21417419,142,31.2828271175,121.214131335,0.781544512451,4.08070588711
1509180523,31.28277472,121.21417389,142,31.2827746581,121.214131411,0.793782701836,4.04485937104
1509180525,31.28267872,121.21417465,142,31.2826786572,121.214131551,0.816178613695,4.10390434678
1509180527,31.28250565,121.21415929,142,31.2825056099,121.214131804,0.856548553469,2.61729268141
1509180529,31.28243971,121.21418351,142,31.2824396348,121.2141319,0.871939805326,4.91439272389
1509180531,31.28226201,121.2141681,142,31.2822619576,121.214132159,0.913389851794,3.42237514658
1509180533,31.28222009,121.21416665,142,31.2822200398,121.21413222,0.923168793943,3.27848648526
1509180535,31.28213099,121.21414763,142,31.2821309677,121.21413235,0.943948290856,1.4550115316
1509180537,31.2820711,121.21410171,142,31.2820711448,121.214132437,0.957904294715,2.92586606362
1509180539,31.2820333,121.21401196,142,31.2820334757,121.214132492,0.966692058432,11.4773032056
1509180542,31.28201192,121.21391836,309,31.2818903201,121.213918576,0.0467805168222,13.4823239836
1509180544,31.28201594,121.21380141,309,31.2818901126,121.213801633,0.0723293774177,13.951044489
1509180546,31.28202929,121.21368591,309,31.2818899077,121.213686157,0.0975578355368,15.4539352187
1509180548,31.28202929,121.21368591,309,31.2818899077,121.213686157,0.0975578355368,15.4539352187
1509180550,31.28206302,121.21349295,309,31.2818895655,121.213493258,0.139701313297,19.2316781877
1509180552,31.28206302,121.21349295,309,31.2818895655,121.213493258,0.139701313297,19.2316781877
1509180554,31.28202727,121.21323315,309,31.2818891044,121.213233395,0.196474459957,15.31903728
1509180556,31.28203521,121.21311037,309,31.2818888866,121.21311063,0.223295498701,16.2235311633
1509180558,31.28208291,121.21300775,309,31.2818887046,121.213008095,0.245696709234,21.5324135341
1509180560,31.28209602,121.21292718,309,31.2818885617,121.212927548,0.263293998038,23.0018229252
1509180562,31.2820754,121.2128163,309,31.2818884,121.2128163,0.287598772887,20.7334984835
1509180564,31.28208272,121.21269684,309,31.2818884,121.21269684,0.313697600108,21.5450985431
1509180566,31.28208617,121.21258622,309,31.2818884,121.21258622,0.337865122856,21.9276149642
1509180568,31.28207608,121.21244145,309,31.2818930577,121.212429552,0.372125929659,20.3240764279
1509180571,31.28207465,121.21239599,309,31.2818959945,121.212384376,0.382016541815,19.8391552704
1509180572,31.28208958,121.21227236,309,31.2819040605,121.2122603,0.409181107783,20.6013873835
1509180575,31.2821013,121.21215768,309,31.2819190545,121.212135138,0.436723946619,20.3200316186
1509180577,31.2821013,121.21215768,309,31.2819190545,121.212135138,0.436723946619,20.3200316186
1509180579,31.28219233,121.21196593,309,31.281954669,121.211909117,0.486778002893,26.9001015431
1509180581,31.28222229,121.21183697,309,31.2819854501,121.211780353,0.515702068816,26.8071628458
1509180583,31.28222229,121.21183697,309,31.2819854501,121.211780353,0.515702068816,26.8071628458
1509180585,31.28217715,121.21164001,309,31.2820275483,121.211604248,0.555260496839,16.9329427106
1509180587,31.28226914,121.21150729,309,31.2820754731,121.211447128,0.591153955074,22.223734717
1509180589,31.28226071,121.21131615,309,31.2821404303,121.211262492,0.633980107431,14.281201147
1509180591,31.28228081,121.21127278,309,31.282159903,121.211218842,0.644422345459,14.3556879964
1509180593,31.28233662,121.21117184,309,31.2822067226,121.211113891,0.669529417624,15.4231486015
1509180595,31.28243399,121.2111883,309,31.28221676,121.211091391,0.674912016824,25.7924477715
1509180597,31.28243299,121.21110249,309,31.2822558522,121.211012232,0.694204935439,21.4381958179
1509180599,31.2824624,121.21102144,309,31.2822946999,121.210935991,0.712899229582,20.2959951973
1509180601,31.28250141,121.21093039,309,31.2823442958,121.21084012,0.736484329876,19.4251984421
1509180604,31.28257204,121.2108146,309,31.2824118412,121.210722558,0.766106018377,19.8065669648
1509180606,31.2826063,121.21075171,309,31.2824617314,121.210647812,0.785762181065,18.8362633472
1509180608,31.2826063,121.21075171,309,31.2824617314,121.210647812,0.785762181065,18.8362633472
1509180610,31.28266184,121.21068857,309,31.2825105698,121.210579856,0.804045208489,19.7094267418
1509180612,31.28266184,121.21068857,309,31.2825105698,121.210579856,0.804045208489,19.7094267418
1509180614,31.28274675,121.21056251,309,31.2825983362,121.210456967,0.837037327332,19.2815231931
1509180616,31.28274675,121.21056251,309,31.2825983362,121.210456967,0.837037327332,19.2815231931
1509180618,31.28292101,121.21011723,309,31.2828670829,121.210078897,0.938377402785,7.00522107636
1509180620,31.28302725,121.21004372,309,31.2829374576,121.209979893,0.9649148537,11.664174024
1509180622,31.28307112,121.20999954,309,31.2829730463,121.209929827,0.978334911632,12.7399283227
1509180624,31.28307544,121.20997085,309,31.2829880445,121.209908727,0.983990549429,11.3528129676
1509180626,31.28310963,121.20986724,307,31.2830484559,121.209823745,0.0245332923893,7.94712285581
1509180628,31.28313792,121.20979683,307,31.2830912069,121.209763617,0.0829442831023,6.06849376404
1509180630,31.28316458,121.20977577,307,31.2831101045,121.209737038,0.108764213113,7.07690543269
1509180632,31.28320751,121.20976898,307,31.283127726,121.209712254,0.132840614103,10.3647280005
1509180635,31.28325661,121.20975906,307,31.2831488975,121.209682477,0.161767288682,13.9929248317
1509180637,31.28332399,121.20975219,307,31.2831747665,121.209646093,0.197112312541,19.3856415485
1509180639,31.28338681,121.20977129,307,31.2831868398,121.209629112,0.213608097452,25.978152953
1509180641,31.28338681,121.20977129,307,31.2831868398,121.209629112,0.213608097452,25.978152953
1509180643,31.28347791,121.20934416,307,31.2834191458,121.209302379,0.531009458116,7.63404433382
1509180645,31.28354894,121.20935989,307,31.2834355673,121.209279282,0.553446274593,14.7282227477
1509180647,31.28353731,121.20935658,307,31.2834332254,121.209282576,0.550246532407,13.5216065291
1509180649,31.28371088,121.20928773,307,31.2835240213,121.209154874,0.674301485343,24.2748158115
1509180651,31.28369891,121.20923481,307,31.2835449941,121.209125376,0.702956786751,19.9952150663
1509180653,31.28376041,121.20923153,307,31.2835671933,121.209094154,0.73328776463,25.1007727602
1509180655,31.28382376,121.20919965,329,31.2839746511,121.208975961,0.323394677762,27.0845086427
1509180657,31.28386039,121.20921539,329,31.2839882,121.2089851,0.343421573654,26.1086356816
1509180659,31.28394214,121.20924536,329,31.2840463764,121.209010972,0.421442177666,25.1332450683
1509180661,31.28400912,121.20918516,329,31.2840799454,121.209025901,0.466461636257,17.0772430174
1509180664,31.28401743,121.20915284,329,31.2840748832,121.20902365,0.459672813944,13.8529901773
1509180666,31.28401891,121.20913405,329,31.2840691424,121.209021096,0.451973735117,12.1119157557
1509180668,31.28401361,121.20912406,329,31.2840610084,121.209017479,0.441065154735,11.4285816334
1509180670,31.28401371,121.2091252,329,31.2840615151,121.209017705,0.441744765992,11.5266574361
1509180672,31.28401117,121.20911949,329,31.2840572745,121.209015819,0.436057615967,11.1166014415
1509180674,31.28400663,121.20911593,329,31.2840521623,121.209013545,0.429201696347,10.9786472695
1509180676,31.28400333,121.20911239,329,31.2840480929,121.209011735,0.423744118697,10.7931156025
1509180678,31.28399983,121.20910376,329,31.2840419666,121.209009011,0.415528123764,10.159822422
1509180680,31.28399732,121.20910298,329,31.2840395814,121.20900795,0.412329378694,10.1899240363
1509180682,31.28400541,121.20910848,329,31.2840483777,121.209011862,0.42412609741,10.3602668787
1509180684,31.28400554,121.20911214,329,31.2840498451,121.209012515,0.426094092475,10.6827482087
1509180687,31.28401501,121.20912046,329,31.2840608406,121.209017405,0.440840121544,11.0505580649
1509180689,31.28402855,121.20912857,329,31.284075156,121.209023771,0.460038616683,11.2375294925
1509180691,31.28402921,121.20912923,329,31.2840759521,121.209024125,0.461106231378,11.2703386775
1509180693,31.28403103,121.20912943,329,31.2840775458,121.209024834,0.463243606563,11.2157840092
1509180694,31.28403294,121.20912822,329,31.2840786912,121.209025343,0.464779664434,11.0314176943
1509180697,31.28403331,121.20912731,329,31.2840786622,121.20902533,0.464740820077,10.9352203257
Time_cost 3.9849998951
