1509264735,31.2843806,121.20931785,523,31.284504,121.20931785,0.921045081345,13.681896756
1509264736,31.2843806,121.20931785,523,31.284504,121.20931785,0.921045081345,13.681896756
1509264737,31.28433619,121.20931782,523,31.284504,121.20931782,0.921055840593,18.6058272838
1509264738,31.28433619,121.20931782,523,31.284504,121.20931782,0.921055840593,18.6058272838
1509264739,31.28430747,121.20928194,328,31.2843229,121.2090977,0.221918500897,17.6265028312
1509264740,31.28430747,121.20928194,328,31.2843229,121.2090977,0.221918500897,17.6265028312
1509264741,31.28430609,121.20921484,328,31.2843229,121.2090977,0.221918500897,11.3086843027
1509264742,31.28430609,121.20921484,328,31.2843229,121.2090977,0.221918500897,11.3086843027
1509264743,31.28424647,121.20916801,328,31.284266023,121.209084399,0.293495545528,8.25127304932
1509264745,31.28424647,121.20916801,328,31.284266023,121.209084399,0.293495545528,8.25127304932
1509264746,31.28417274,121.20910379,328,31.2841818766,121.209064721,0.399389906571,3.85560920442
1509264747,31.28409733,121.20906182,328,31.2841077958,121.209038286,0.496187997897,2.52348170802
1509264749,31.28409733,121.20906182,328,31.2841077958,121.209038286,0.496187997897,2.52348170802
1509264750,31.28391689,121.20898171,328,31.283937619,121.20895098,0.731343416503,3.72077062177
1509264751,31.28391689,121.20898171,328,31.283937619,121.20895098,0.731343416503,3.72077062177
1509264752,31.28389679,121.20896382,328,31.2839155109,121.208936067,0.764021845811,3.36033085821
1509264753,31.28389679,121.20896382,328,31.2839155109,121.208936067,0.764021845811,3.36033085821
1509264754,31.28381354,121.20893382,328,31.2838489809,121.208890604,0.862789866335,5.68983424635
1509264755,31.28381354,121.20893382,328,31.2838489809,121.208890604,0.862789866335,5.68983424635
1509264756,31.28374804,121.20897504,306,31.28368417,121.208929629,0.106886186916,8.2973347686
1509264757,31.28374804,121.20897504,306,31.28368417,121.208929629,0.106886186916,8.2973347686
1509264758,31.2836782,121.20904003,306,31.2836300272,121.209005779,0.180861926423,6.25812243594
1509264759,31.2836782,121.20904003,306,31.2836300272,121.209005779,0.180861926423,6.25812243594
1509264760,31.28355925,121.20927861,306,31.2834774146,121.209220425,0.389377569624,10.6312264891
1509264761,31.28355925,121.20927861,306,31.2834774146,121.209220425,0.389377569624,10.6312264891
1509264763,31.28355925,121.20927861,306,31.2834774146,121.209220425,0.389377569624,10.6312264891
1509264764,31.28345593,121.20935091,306,31.2834085777,121.209317243,0.483429836047,6.15152913759
1509264766,31.28340438,121.20939819,306,31.2833689399,121.209372992,0.537587175745,4.60401217209
1509264767,31.28340438,121.20939819,306,31.2833689399,121.209372992,0.537587175745,4.60401217209
1509264768,31.28331896,121.20949445,306,31.2832947981,121.209477271,0.638887677475,3.13886839898
1509264769,31.28331896,121.20949445,306,31.2832947981,121.209477271,0.638887677475,3.13886839898
1509264770,31.28322493,121.20962351,306,31.2832022751,121.209607402,0.765302530715,2.94309900429
1509264771,31.28322493,121.20962351,306,31.2832022751,121.209607402,0.765302530715,2.94309900429
1509264772,31.2831575,121.20972998,306,31.2831293521,121.209709967,0.86493774247,3.65669636038
1509264773,31.2831575,121.20972998,306,31.2831293521,121.209709967,0.86493774247,3.65669636038
1509264774,31.2830699,121.20980101,306,31.2830663934,121.209798517,0.950958623625,0.455544448326
1509264775,31.2830699,121.20980101,306,31.2830663934,121.209798517,0.950958623625,0.455544448326
1509264776,31.28299994,121.20986468,308,31.2830128375,121.209873848,0.00666032686365,1.67540060236
1509264777,31.28299994,121.20986468,308,31.2830128375,121.209873848,0.00666032686365,1.67540060236
1509264778,31.28293289,121.20997408,308,31.2829386695,121.209978188,0.0346281568989,0.750766250163
1509264779,31.28293289,121.20997408,308,31.2829386695,121.209978188,0.0346281568989,0.750766250163
1509264781,31.2828718,121.21005307,308,31.2828808625,121.210059512,0.0564264827508,1.17722850271
1509264782,31.28278943,121.21016763,308,31.2827991154,121.210174515,0.0872523119587,1.25814481589
1509264784,31.28278943,121.21016763,308,31.2827991154,121.210174515,0.0872523119587,1.25814481589
1509264785,31.28272468,121.21026295,308,31.2827323684,121.210268415,0.11242179085,0.998730445593
1509264786,31.28272468,121.21026295,308,31.2827323684,121.210268415,0.11242179085,0.998730445593
1509264787,31.28266179,121.21036218,308,31.2826643993,121.210364035,0.138052089979,0.338952397784
1509264788,31.28266179,121.21036218,308,31.2826643993,121.210364035,0.138052089979,0.338952397784
1509264789,31.28259424,121.21046268,308,31.2825942624,121.210462696,0.164498387693,0.00290885471782
1509264790,31.28259424,121.21046268,308,31.2825942624,121.210462696,0.164498387693,0.00290885471782
1509264791,31.28253585,121.21056434,308,31.2825265329,121.210557644,0.189978880224,1.21394713058
1509264792,31.28253585,121.21056434,308,31.2825265329,121.210557644,0.189978880224,1.21394713058
1509264793,31.282463,121.21065715,308,31.2824577382,121.210653368,0.215732691023,0.685574363663
1509264794,31.282463,121.21065715,308,31.2824577382,121.210653368,0.215732691023,0.685574363663
1509264795,31.28240378,121.21073683,308,31.2824036756,121.21073677,0.237474981237,0.0129032922046
1509264796,31.28240378,121.21073683,308,31.2824036756,121.21073677,0.237474981237,0.0129032922046
1509264797,31.28231145,121.21091491,308,31.2823066797,121.210912479,0.281335823602,0.577325391927
1509264798,31.28231145,121.21091491,308,31.2823066797,121.210912479,0.281335823602,0.577325391927
1509264799,31.28225603,121.21098992,308,31.2822649143,121.210994447,0.301434212522,1.07522352787
1509264800,31.28225603,121.21098992,308,31.2822649143,121.210994447,0.301434212522,1.07522352787
1509264801,31.28219829,121.21110169,308,31.2822098626,121.211106853,0.328786719001,1.37405826106
1509264803,31.28219829,121.21110169,308,31.2822098626,121.211106853,0.328786719001,1.37405826106
1509264804,31.28215189,121.21120587,308,31.2821633995,121.211211004,0.3537026716,1.36655597472
1509264805,31.28215189,121.21120587,308,31.2821633995,121.211211004,0.3537026716,1.36655597472
1509264806,31.28206276,121.21137799,308,31.2820939416,121.211387676,0.395245226856,3.57815794909
1509264807,31.28206276,121.21137799,308,31.2820939416,121.211387676,0.395245226856,3.57815794909
1509264808,31.28204361,121.21142176,308,31.2820798558,121.21143302,0.405618487925,4.15929200895
1509264809,31.28204361,121.21142176,308,31.2820798558,121.21143302,0.405618487925,4.15929200895
1509264810,31.2820009,121.21156708,308,31.2820349266,121.21157765,0.438705948994,3.9046380117
1509264811,31.2820009,121.21156708,308,31.2820349266,121.21157765,0.438705948994,3.9046380117
1509264812,31.28196301,121.2116914,308,31.2820043519,121.211701283,0.466536442162,4.67936071287
1509264813,31.28196301,121.2116914,308,31.2820043519,121.211701283,0.466536442162,4.67936071287
1509264814,31.2819204,121.21180398,308,31.281976591,121.211817413,0.492622539106,6.3600802347
1509264815,31.2819204,121.21180398,308,31.281976591,121.211817413,0.492622539106,6.3600802347
1509264816,31.28190913,121.21189113,308,31.2819562746,121.2119024,0.51171318865,5.33615296441
1509264817,31.28190913,121.21189113,308,31.2819562746,121.2119024,0.51171318865,5.33615296441
1509264818,31.28191026,121.21198521,308,31.281937187,121.211988541,0.531004303673,3.00231292635
1509264820,31.28191026,121.21198521,308,31.281937187,121.211988541,0.531004303673,3.00231292635
1509264821,31.28190462,121.21211519,308,31.2819212672,121.212117249,0.559337963794,1.85613202231
1509264822,31.28190462,121.21211519,308,31.2819212672,121.212117249,0.559337963794,1.85613202231
1509264823,31.2819133,121.21223771,308,31.281906472,121.212236865,0.585670099476,0.761311800073
1509264824,31.2819133,121.21223771,308,31.281906472,121.212236865,0.585670099476,0.761311800073
1509264825,31.28189428,121.21237733,308,31.2818964434,121.212377471,0.61647164529,0.240237397126
1509264826,31.28189428,121.21237733,308,31.2818964434,121.212377471,0.61647164529,0.240237397126
1509264827,31.28186261,121.21260513,308,31.2818884,121.21260513,0.666266208323,2.85944875265
1509264828,31.28186261,121.21260513,308,31.2818884,121.21260513,0.666266208323,2.85944875265
1509264829,31.28184786,121.21266444,308,31.2818884,121.21266444,0.679223863124,4.49484499172
1509264830,31.28184786,121.21266444,308,31.2818884,121.21266444,0.679223863124,4.49484499172
1509264831,31.28185121,121.21276564,308,31.2818884,121.21276564,0.70133336685,4.12341601535
1509264832,31.28185121,121.21276564,308,31.2818884,121.21276564,0.70133336685,4.12341601535
1509264833,31.28187277,121.21288418,308,31.2818884847,121.212884152,0.727225123459,1.74236156056
1509264834,31.28187277,121.21288418,308,31.2818884847,121.212884152,0.727225123459,1.74236156056
1509264835,31.28186578,121.21299916,308,31.2818886887,121.212999119,0.752342440951,2.53999059193
1509264836,31.28186578,121.21299916,308,31.2818886887,121.212999119,0.752342440951,2.53999059193
1509264837,31.2818646,121.21309857,308,31.2818888651,121.213098527,0.774060385775,2.69037814305
1509264839,31.2818646,121.21309857,308,31.2818888651,121.213098527,0.774060385775,2.69037814305
1509264840,31.28186104,121.21322491,308,31.2818890892,121.21322486,0.801660886275,3.10994376978
1509264841,31.28186104,121.21322491,308,31.2818890892,121.21322486,0.801660886275,3.10994376978
1509264842,31.28187878,121.21335531,308,31.2818893207,121.213355291,0.830156643781,1.16868974348
1509264843,31.28187878,121.21335531,308,31.2818893207,121.213355291,0.830156643781,1.16868974348
1509264844,31.28185983,121.21358693,308,31.2818897316,121.213586877,0.880752017438,3.31531864535
1509264845,31.28185983,121.21358693,308,31.2818897316,121.213586877,0.880752017438,3.31531864535
1509264846,31.2818426,121.21366537,308,31.2818898707,121.213665286,0.897882361676,5.24111024874
1509264847,31.2818426,121.21366537,308,31.2818898707,121.213665286,0.897882361676,5.24111024874
1509264848,31.28183179,121.21380453,308,31.2818901176,121.213804427,0.92828087587,6.46703507067
1509264849,31.28183179,121.21380453,308,31.2818901176,121.213804427,0.92828087587,6.46703507067
1509264850,31.28183441,121.2139453,308,31.2818903673,121.213945201,0.959036337515,6.20423745256
1509264851,31.28183441,121.2139453,308,31.2818903673,121.213945201,0.959036337515,6.20423745256
1509264853,31.2818305,121.21407407,308,31.2818905958,121.214073963,0.987167591768,6.6630870467
1509264854,31.2818305,121.21407407,308,31.2818905958,121.214073963,0.987167591768,6.6630870467
1509264855,31.28183493,121.21418071,428,31.281893308,121.214177296,0.434659691177,6.48077467392
1509264856,31.28183493,121.21418071,428,31.281893308,121.214177296,0.434659691177,6.48077467392
1509264857,31.28184872,121.21430314,430,31.2818969929,121.214302931,0.0304297805955,5.35226359672
1509264858,31.28184872,121.21430314,430,31.2818969929,121.214302931,0.0304297805955,5.35226359672
1509264859,31.28185082,121.21456247,430,31.2819114402,121.21455497,0.144215333668,6.75906070514
1509264860,31.28185082,121.21456247,430,31.2819114402,121.21455497,0.144215333668,6.75906070514
1509264861,31.28186686,121.21463211,430,31.2819201678,121.214625515,0.176197809429,5.94373623315
1509264862,31.28186686,121.21463211,430,31.2819201678,121.214625515,0.176197809429,5.94373623315
1509264863,31.28190567,121.21474875,430,31.2819531331,121.214734128,0.227286247071,5.44351256127
1509264864,31.28190567,121.21474875,430,31.2819531331,121.214734128,0.227286247071,5.44351256127
1509264865,31.28196217,121.21482975,430,31.281983015,121.214821144,0.268722090166,2.45215722046
1509264866,31.28196217,121.21482975,430,31.281983015,121.214821144,0.268722090166,2.45215722046
1509264867,31.28199418,121.21492183,430,31.2820201566,121.214911105,0.312512876388,3.05582753726
1509264868,31.28199418,121.21492183,430,31.2820201566,121.214911105,0.312512876388,3.05582753726
1509264869,31.28206027,121.21503014,430,31.282075452,121.215021931,0.368304738966,1.85592038479
1509264871,31.28206027,121.21503014,430,31.282075452,121.215021931,0.368304738966,1.85592038479
1509264872,31.28213241,121.21512722,430,31.2821449838,121.215112933,0.420638251577,1.94791147981
1509264873,31.28213241,121.21512722,430,31.2821449838,121.215112933,0.420638251577,1.94791147981
1509264874,31.28222451,121.21524424,430,31.2822548797,121.215201753,0.484293608755,5.26363157123
1509264875,31.28222451,121.21524424,430,31.2822548797,121.215201753,0.484293608755,5.26363157123
1509264876,31.28232344,121.21531383,430,31.2823540448,121.215275654,0.539958155283,4.97278718001
1509264877,31.28232344,121.21531383,430,31.2823540448,121.215275654,0.539958155283,4.97278718001
1509264878,31.28242081,121.21538541,430,31.2824482525,121.215351179,0.59428494951,4.45896146796
1509264879,31.28242081,121.21538541,430,31.2824482525,121.215351179,0.59428494951,4.45896146796
1509264880,31.28249592,121.21544231,430,31.282521745,121.215410096,0.636665913553,4.19614547308
1509264881,31.28249592,121.21544231,430,31.282521745,121.215410096,0.636665913553,4.19614547308
1509264882,31.2825602,121.21551946,430,31.2825985273,121.215471651,0.680943980235,6.22755975771
1509264883,31.2825602,121.21551946,430,31.2825985273,121.215471651,0.680943980235,6.22755975771
1509264884,31.28263544,121.2155818,430,31.2826747538,121.215532761,0.724901569768,6.387853058
1509264885,31.28263544,121.2155818,430,31.2826747538,121.215532761,0.724901569768,6.387853058
1509264886,31.28273745,121.21564776,430,31.2827690434,121.215608351,0.779275597639,5.13341225743
1509264887,31.28273745,121.21564776,430,31.2827690434,121.215608351,0.779275597639,5.13341225743
1509264889,31.28288062,121.21573933,430,31.2829008879,121.215714048,0.855306382904,3.29319072465
1509264890,31.28288062,121.21573933,430,31.2829008879,121.215714048,0.855306382904,3.29319072465
1509264891,31.28288062,121.21573933,430,31.2829008879,121.215714048,0.855306382904,3.29319072465
1509264892,31.28295906,121.21575916,430,31.2829583163,121.215760088,0.888423674007,0.120837871719
1509264893,31.28295906,121.21575916,430,31.2829583163,121.215760088,0.888423674007,0.120837871719
1509264894,31.28303646,121.21584055,430,31.2830451547,121.215829704,0.938500810313,1.41274422994
1509264895,31.28303646,121.21584055,430,31.2830451547,121.215829704,0.938500810313,1.41274422994
1509264896,31.2831351,121.21593185,430,31.2831497594,121.215913564,0.998823274534,2.3819145147
1509264897,31.2831351,121.21593185,430,31.2831497594,121.215913564,0.998823274534,2.3819145147
1509264898,31.2832012,121.21598489,432,31.2832158866,121.215966566,0.016478810939,2.38659759244
1509264899,31.2832012,121.21598489,432,31.2832158866,121.215966566,0.016478810939,2.38659759244
1509264900,31.28328067,121.2160459,432,31.2832940457,121.216029212,0.0365761009874,2.17356199511
1509264901,31.28328067,121.2160459,432,31.2832940457,121.216029212,0.0365761009874,2.17356199511
1509264902,31.28336043,121.21609785,432,31.2833679599,121.216088455,0.0555819186777,1.22362113672
1509264904,31.28336043,121.21609785,432,31.2833679599,121.216088455,0.0555819186777,1.22362113672
1509264905,31.28344552,121.2161655,432,31.2834527811,121.216156441,0.0773922647625,1.17993367073
1509264906,31.28344552,121.2161655,432,31.2834527811,121.216156441,0.0773922647625,1.17993367073
1509264907,31.28360392,121.2163205,432,31.2836227316,121.216287596,0.120518958738,3.7638944195
1509264908,31.28360392,121.2163205,432,31.2836227316,121.216287596,0.120518958738,3.7638944195
1509264909,31.28362609,121.21633813,432,31.2836470367,121.216301491,0.126136205537,4.19109416468
1509264910,31.28362609,121.21633813,432,31.2836470367,121.216301491,0.126136205537,4.19109416468
1509264911,31.28369636,121.21640727,432,31.2837161845,121.21633749,0.141840378875,6.99855850567
1509264912,31.28369636,121.21640727,432,31.2837161845,121.21633749,0.141840378875,6.99855850567
1509264913,31.28375342,121.21647061,432,31.2837856339,121.216357221,0.156326073791,11.3724039025
1509264914,31.28375342,121.21647061,432,31.2837856339,121.216357221,0.156326073791,11.3724039025
1509264915,31.28380097,121.21649199,432,31.2838278,121.2163692,0.165121030421,12.0645854775
1509264916,31.28380097,121.21649199,432,31.2838278,121.2163692,0.165121030421,12.0645854775
1509264917,31.28383788,121.21648422,432,31.2838467161,121.216370672,0.168927812369,10.8563576848
1509264918,31.28383788,121.21648422,432,31.2838467161,121.216370672,0.168927812369,10.8563576848
1509264919,31.28390793,121.21647242,432,31.2839154317,121.216376019,0.182756531738,9.21688995941
1509264920,31.28390793,121.21647242,432,31.2839154317,121.216376019,0.182756531738,9.21688995941
1509264922,31.28390793,121.21647242,432,31.2839154317,121.216376019,0.182756531738,9.21688995941
1509264923,31.28399094,121.21642328,432,31.2839924101,121.216380839,0.198234901313,4.0444932238
1509264924,31.28399094,121.21642328,432,31.2839924101,121.216380839,0.198234901313,4.0444932238
1509264925,31.2841901,121.21643035,432,31.2841898423,121.216384911,0.237863233974,4.32679296871
1509264926,31.2841901,121.21643035,432,31.2841898423,121.216384911,0.237863233974,4.32679296871
1509264927,31.28426968,121.2164136,432,31.2842695147,121.216384459,0.253848892364,2.7748602324
1509264928,31.28426968,121.2164136,432,31.2842695147,121.216384459,0.253848892364,2.7748602324
1509264929,31.28439004,121.21640643,432,31.2843899115,121.216383776,0.278005578071,2.15714162116
1509264930,31.28439004,121.21640643,432,31.2843899115,121.216383776,0.278005578071,2.15714162116
1509264931,31.28453327,121.21642354,432,31.2845330399,121.216382964,0.306723176219,3.86366676485
1509264932,31.28453327,121.21642354,432,31.2845330399,121.216382964,0.306723176219,3.86366676485
1509264933,31.28457687,121.21642658,432,31.2845766212,121.216382717,0.315467438527,4.17667294816
1509264934,31.28457687,121.21642658,432,31.2845766212,121.216382717,0.315467438527,4.17667294816
1509264935,31.28466684,121.21643226,432,31.2846665561,121.216382207,0.333512179523,4.76609307269
1509264936,31.28466684,121.21643226,432,31.2846665561,121.216382207,0.333512179523,4.76609307269
1509264937,31.284857,121.21640327,432,31.2848568744,121.216381128,0.371698074588,2.1084170703
1509264938,31.284857,121.21640327,432,31.2848568744,121.216381128,0.371698074588,2.1084170703
1509264940,31.28498758,121.21639764,432,31.2849874775,121.216380363,0.397902606581,1.64509474347
1509264941,31.28498758,121.21639764,432,31.2849874775,121.216380363,0.397902606581,1.64509474347
1509264942,31.28513522,121.2164169,432,31.2851145898,121.216361618,0.424068688516,5.73936781159
1509264943,31.28513522,121.2164169,432,31.2851145898,121.216361618,0.424068688516,5.73936781159
1509264944,31.2852147,121.21639638,432,31.2851910757,121.216333075,0.440448511033,6.57232231239
1509264945,31.2852147,121.21639638,432,31.2851910757,121.216333075,0.440448511033,6.57232231239
1509264946,31.28529194,121.21630572,432,31.2852778579,121.21628467,0.460508628889,2.54072732764
1509264947,31.28529194,121.21630572,432,31.2852778579,121.21628467,0.460508628889,2.54072732764
1509264948,31.28538157,121.21625334,432,31.2853639847,121.216227053,0.481299235377,3.17278224496
1509264949,31.28538157,121.21625334,432,31.2853639847,121.216227053,0.481299235377,3.17278224496
1509264950,31.28546393,121.21618287,432,31.2854377601,121.216156129,0.501848394134,3.86038302253
1509264951,31.28546393,121.21618287,432,31.2854377601,121.216156129,0.501848394134,3.86038302253
1509264952,31.28554475,121.21612778,432,31.2854948261,121.216093432,0.518925245715,6.42929219827
1509264953,31.28554475,121.21612778,432,31.2854948261,121.216093432,0.518925245715,6.42929219827
1509264954,31.285585,121.21605392,432,31.2855422476,121.216024506,0.535711417002,5.50573183655
1509264955,31.285585,121.21605392,432,31.2855422476,121.216024506,0.535711417002,5.50573183655
1509264956,31.2856268,121.21601316,432,31.2855714822,121.215980522,0.54631242979,6.87573136113
1509264958,31.2856268,121.21601316,432,31.2855714822,121.215980522,0.54631242979,6.87573136113
1509264959,31.28566726,121.21591239,432,31.2856260326,121.215888065,0.567850963861,5.12436175532
1509264960,31.28566726,121.21591239,432,31.2856260326,121.215888065,0.567850963861,5.12436175532
1509264961,31.28576877,121.21576958,432,31.2857147466,121.215737706,0.602878564433,6.71483895605
1509264962,31.28576877,121.21576958,432,31.2857147466,121.215737706,0.602878564433,6.71483895605
1509264963,31.28580491,121.21569742,432,31.2857556602,121.215668362,0.619032744461,6.12151418787
1509264964,31.28580491,121.21569742,432,31.2857556602,121.215668362,0.619032744461,6.12151418787
1509264965,31.28584405,121.21564373,432,31.2857892648,121.215611406,0.632301114378,6.80953010998
1509264966,31.28584405,121.21564373,432,31.2857892648,121.215611406,0.632301114378,6.80953010998
1509264967,31.28590361,121.2155602,432,31.2858412005,121.215523379,0.65280757615,7.75711485851
1509264968,31.28590361,121.2155602,432,31.2858412005,121.215523379,0.65280757615,7.75711485851
1509264969,31.28596228,121.21547442,432,31.2858938908,121.215434071,0.673612377504,8.50036186332
1509264970,31.28596228,121.21547442,432,31.2858938908,121.215434071,0.673612377504,8.50036186332
1509264971,31.28602108,121.21538132,432,31.2859498181,121.215339277,0.695695368768,8.85740986191
1509264973,31.28602108,121.21538132,432,31.2859498181,121.215339277,0.695695368768,8.85740986191
1509264975,31.28611093,121.21526768,432,31.286022752,121.215215656,0.724493406663,10.9599743717
1509264976,31.28620999,121.21509492,432,31.2861239377,121.215044151,0.764446686014,10.6957647508
1509264977,31.28620999,121.21509492,432,31.2861239377,121.215044151,0.764446686014,10.6957647508
1509264978,31.28623567,121.21506157,432,31.2861451639,121.215008173,0.772827886403,11.2493406046
1509264979,31.28623567,121.21506157,432,31.2861451639,121.215008173,0.772827886403,11.2493406046
1509264980,31.28629549,121.21496483,432,31.2862029477,121.214910232,0.795643881055,11.502428219
1509264981,31.28629549,121.21496483,432,31.2862029477,121.214910232,0.795643881055,11.502428219
1509264982,31.28634523,121.21489413,432,31.2862467325,121.214836018,0.812932340849,12.2426275204
1509264983,31.28634523,121.21489413,432,31.2862467325,121.214836018,0.812932340849,12.2426275204
1509264984,31.286403,121.21480167,432,31.2863021138,121.214742149,0.834799725633,12.5395222468
1509264985,31.286403,121.21480167,432,31.2863021138,121.214742149,0.834799725633,12.5395222468
1509264986,31.28637045,121.21454389,432,31.2864065259,121.214565174,0.876026970856,4.48401195818
1509264987,31.28637045,121.21454389,432,31.2864065259,121.214565174,0.876026970856,4.48401195818
1509264988,31.28643784,121.21444782,432,31.2864659711,121.214464417,0.899498965532,3.49651883848
1509264989,31.28643784,121.21444782,432,31.2864659711,121.214464417,0.899498965532,3.49651883848
1509264991,31.28648798,121.21437121,432,31.2865124456,121.214385644,0.917849486661,3.04092320935
1509264992,31.28648798,121.21437121,432,31.2865124456,121.214385644,0.917849486661,3.04092320935
1509264994,31.28659776,121.21421634,432,31.2866085697,121.214222718,0.955804205787,1.34358231939
1509264995,31.28659776,121.21421634,432,31.2866085697,121.214222718,0.955804205787,1.34358231939
1509264996,31.28664349,121.21415743,432,31.2866461592,121.214159005,0.970646459865,0.331768319683
1509264997,31.28664349,121.21415743,432,31.2866461592,121.214159005,0.970646459865,0.331768319683
1509264998,31.28673261,121.21407156,432,31.2867067512,121.214056304,0.994571264399,3.21408662416
1509264999,31.28673261,121.21407156,432,31.2867067512,121.214056304,0.994571264399,3.21408662416
1509265000,31.2868225,121.21395409,434,31.2867839274,121.213930274,0.13268877487,4.84073752223
1509265001,31.2868225,121.21395409,434,31.2867839274,121.213930274,0.13268877487,4.84073752223
1509265002,31.28687596,121.21384661,434,31.2868467288,121.213828561,0.264067769539,3.66842683399
1509265003,31.28687596,121.21384661,434,31.2868467288,121.213828561,0.264067769539,3.66842683399
1509265004,31.28693706,121.21374772,434,31.2869077989,121.213729653,0.39182512808,3.67217323871
1509265005,31.28693706,121.21374772,434,31.2869077989,121.213729653,0.39182512808,3.67217323871
1509265006,31.28699643,121.2137019,434,31.2869446681,121.21366994,0.468954687996,6.49595146851
1509265007,31.28699643,121.2137019,434,31.2869446681,121.21366994,0.468954687996,6.49595146851
1509265009,31.28699643,121.2137019,434,31.2869446681,121.21366994,0.468954687996,6.49595146851
1509265010,31.28710976,121.21349736,434,31.2870673821,121.213471194,0.725669491283,5.31829383986
1509265011,31.28710976,121.21349736,434,31.2870673821,121.213471194,0.725669491283,5.31829383986
1509265012,31.28715396,121.21342257,434,31.2871130145,121.213397289,0.821131362404,5.13853627985
1509265013,31.28715396,121.21342257,434,31.2871130145,121.213397289,0.821131362404,5.13853627985
1509265014,31.28722189,121.21328887,434,31.2871915119,121.213270125,0.985374369268,3.81183964921
1509265015,31.28722189,121.21328887,434,31.2871915119,121.213270125,0.985374369268,3.81183964921
1509265016,31.28727441,121.2132199,436,31.2872368392,121.213196703,0.247989822809,4.71496330775
1509265017,31.28727441,121.2132199,436,31.2872368392,121.213196703,0.247989822809,4.71496330775
1509265018,31.28735429,121.21315802,436,31.2872865465,121.213116194,0.569511480923,8.50150690719
1509265019,31.28735429,121.21315802,436,31.2872865465,121.213116194,0.569511480923,8.50150690719
1509265020,31.28745843,121.21311083,253,31.2874664732,121.21310098,0.0803183310031,1.29415307688
1509265021,31.28745843,121.21311083,253,31.2874664732,121.21310098,0.0803183310031,1.29415307688
1509265022,31.28755573,121.21314767,253,31.2875428957,121.213163387,0.134459217936,2.06504413608
1509265024,31.28755573,121.21314767,253,31.2875428957,121.213163387,0.134459217936,2.06504413608
1509265025,31.28765504,121.21322086,253,31.2876383323,121.21324132,0.202070500242,2.68827497437
1509265027,31.28765504,121.21322086,253,31.2876383323,121.21324132,0.202070500242,2.68827497437
1509265028,31.28770431,121.21327111,253,31.2876925093,121.213285561,0.24045178788,1.89873127467
1509265029,31.28770431,121.21327111,253,31.2876925093,121.213285561,0.24045178788,1.89873127467
1509265030,31.28770431,121.21327111,253,31.2876925093,121.213285561,0.24045178788,1.89873127467
1509265031,31.2878625,121.21349534,253,31.2878972664,121.213452765,0.385510303625,5.59391012154
1509265032,31.2878625,121.21349534,253,31.2878972664,121.213452765,0.385510303625,5.59391012154
1509265033,31.28788454,121.21345985,253,31.2878931022,121.213449365,0.382560190102,1.37765364592
1509265034,31.28788454,121.21345985,253,31.2878931022,121.213449365,0.382560190102,1.37765364592
1509265035,31.28792285,121.21349438,253,31.2879330025,121.213481947,0.410827241687,1.63353364866
1509265036,31.28792285,121.21349438,253,31.2879330025,121.213481947,0.410827241687,1.63353364866
1509265037,31.28798504,121.21355531,253,31.288000163,121.21353679,0.458406562788,2.43328678867
1509265038,31.28798504,121.21355531,253,31.288000163,121.21353679,0.458406562788,2.43328678867
1509265039,31.28807004,121.21365751,253,31.2880975532,121.213605155,0.524005488969,5.84428556872
1509265040,31.28807004,121.21365751,253,31.2880975532,121.213605155,0.524005488969,5.84428556872
1509265041,31.28814433,121.21365139,253,31.2881532465,121.213634423,0.558528960411,1.89401499675
1509265043,31.28814433,121.21365139,253,31.2881532465,121.213634423,0.558528960411,1.89401499675
1509265045,31.28823015,121.21368848,253,31.2882357682,121.213677789,0.609682990469,1.19339084807
1509265046,31.28835771,121.21373199,253,31.2883587175,121.213729405,0.682934733606,0.270285955534
1509265047,31.28835771,121.21373199,253,31.2883587175,121.213729405,0.682934733606,0.270285955534
1509265048,31.28837755,121.21373678,253,31.2883775619,121.21373675,0.694032822707,0.00318051396132
1509265049,31.28837755,121.21373678,253,31.2883775619,121.21373675,0.694032822707,0.00318051396132
1509265050,31.28846988,121.21374935,253,31.2884619695,121.213769647,0.743743217334,2.12226163506
1509265051,31.28846988,121.21374935,253,31.2884619695,121.213769647,0.743743217334,2.12226163506
1509265052,31.28853683,121.21378036,253,31.2885348903,121.213792486,0.785881534179,1.17440015626
1509265053,31.28853683,121.21378036,253,31.2885348903,121.213792486,0.785881534179,1.17440015626
1509265054,31.28859397,121.21380167,253,31.2885939285,121.21380193,0.818689375281,0.0251556590674
1509265055,31.28859397,121.21380167,253,31.2885939285,121.21380193,0.818689375281,0.0251556590674
1509265056,31.28869325,121.21383154,253,31.2886953903,121.21381816,0.875072327433,1.2958686636
1509265057,31.28869325,121.21383154,253,31.2886953903,121.21381816,0.875072327433,1.2958686636
1509265058,31.28878062,121.21383886,253,31.2887810063,121.213827567,0.922422646926,1.07614131792
1509265060,31.28878062,121.21383886,253,31.2887810063,121.213827567,0.922422646926,1.07614131792
1509265061,31.2888751,121.2138428,253,31.2888755105,121.213830799,0.974310211563,1.14353372182
1509265062,31.2888751,121.2138428,253,31.2888755105,121.213830799,0.974310211563,1.14353372182
1509265063,31.2890906,121.21383485,251,31.2890902657,121.213832132,0.587448606422,0.261443621079
1509265064,31.2890906,121.21383485,251,31.2890902657,121.213832132,0.587448606422,0.261443621079
1509265065,31.28926086,121.21387555,249,0,0,0,0
1509265065,31.28926086,121.21387555,234,31.2893162841,121.213870668,0.061533162072,6.16267284243
1509265066,31.28926086,121.21387555,234,31.2893162841,121.213870668,0.061533162072,6.16267284243
1509265067,31.28928349,121.2139102,234,31.2893194868,121.213907029,0.0956047258378,4.00253149172
1509265068,31.28928349,121.2139102,234,31.2893194868,121.213907029,0.0956047258378,4.00253149172
1509265069,31.28931172,121.213998,234,31.2893273781,121.213996621,0.179554737195,1.74104761538
1509265070,31.28931172,121.213998,234,31.2893273781,121.213996621,0.179554737195,1.74104761538
1509265071,31.28934847,121.21409903,234,31.2893364914,121.214100085,0.276504018494,1.33191711896
1509265072,31.28934847,121.21409903,234,31.2893364914,121.214100085,0.276504018494,1.33191711896
1509265073,31.28935527,121.21424493,234,31.2893492958,121.214245456,0.412721338788,0.664277685501
1509265074,31.28935527,121.21424493,234,31.2893492958,121.214245456,0.412721338788,0.664277685501
1509265075,31.2893752,121.21431073,234,31.2893552003,121.214312492,0.475535596604,2.22378507967
1509265076,31.2893752,121.21431073,234,31.2893552003,121.214312492,0.475535596604,2.22378507967
1509265078,31.2893531,121.21441246,234,31.2893639217,121.214411507,0.568315980222,1.2032778075
1509265079,31.2893531,121.21441246,234,31.2893639217,121.214411507,0.568315980222,1.2032778075
1509265080,31.28934766,121.214687,234,31.2893878754,121.214683458,0.823142605469,4.47159824897
1509265081,31.28934766,121.214687,234,31.2893878754,121.214683458,0.823142605469,4.47159824897
1509265082,31.28934906,121.2147284,234,31.2893915047,121.214724661,0.861751718033,4.71947191612
1509265083,31.28934906,121.2147284,234,31.2893915047,121.214724661,0.861751718033,4.71947191612
1509265084,31.28930817,121.21488895,236,31.2894052169,121.214879822,0.0676331099868,10.7950642466
1509265085,31.28930817,121.21488895,236,31.2894052169,121.214879822,0.0676331099868,10.7950642466
1509265086,31.28936124,121.21497486,236,31.2894136917,121.214969927,0.86713980777,5.8344904798
1509265087,31.28936124,121.21497486,236,31.2894136917,121.214969927,0.86713980777,5.8344904798
1509265088,31.28937677,121.2150201,318,31.2894178494,121.215016529,0.11551930752,4.56732352846
1509265089,31.28937677,121.2150201,318,31.2894178494,121.215016529,0.11551930752,4.56732352846
1509265090,31.28940271,121.21513414,318,31.2894278825,121.215131952,0.537077760013,2.7987468119
1509265091,31.28940271,121.21513414,318,31.2894278825,121.215131952,0.537077760013,2.7987468119
1509265092,31.28940902,121.21518615,318,31.2894324168,121.215184116,0.727597650132,2.60132744403
1509265093,31.28940902,121.21518615,318,31.2894324168,121.215184116,0.727597650132,2.60132744403
1509265094,31.28942356,121.21528275,292,31.2894409922,121.215281124,0.00609091544556,1.93898011438
1509265096,31.28942356,121.21528275,292,31.2894409922,121.215281124,0.00609091544556,1.93898011438
1509265097,31.28943619,121.21537827,292,31.2894499367,121.215376987,0.0321304971296,1.5290399497
1509265098,31.28943619,121.21537827,292,31.2894499367,121.215376987,0.0321304971296,1.5290399497
1509265099,31.28941532,121.21544703,292,31.2894561168,121.215443224,0.0501222682021,4.53781581105
1509265100,31.28941532,121.21544703,292,31.2894561168,121.215443224,0.0501222682021,4.53781581105
1509265101,31.28944003,121.21553278,292,31.2894642618,121.215530519,0.0738344366196,2.69529646663
1509265102,31.28944003,121.21553278,292,31.2894642618,121.215530519,0.0738344366196,2.69529646663
1509265103,31.28948837,121.21571658,292,31.2894816802,121.215717204,0.124543861922,0.744100955253
1509265104,31.28948837,121.21571658,292,31.2894816802,121.215717204,0.124543861922,0.744100955253
1509265105,31.28948414,121.21577308,292,31.2894868699,121.215772825,0.139652268552,0.303646697306
1509265106,31.28948414,121.21577308,292,31.2894868699,121.215772825,0.139652268552,0.303646697306
1509265107,31.28948821,121.21587133,292,31.289495993,121.215870604,0.166211928226,0.865704134317
1509265108,31.28948821,121.21587133,292,31.289495993,121.215870604,0.166211928226,0.865704134317
1509265109,31.28949641,121.21597364,292,31.2895055273,121.215972789,0.193968659365,1.01411893437
1509265110,31.28949641,121.21597364,292,31.2895055273,121.215972789,0.193968659365,1.01411893437
1509265111,31.28949959,121.21599906,292,31.2895079061,121.215998284,0.200893821324,0.924997277848
1509265112,31.28949959,121.21599906,292,31.2895079061,121.215998284,0.200893821324,0.924997277848
1509265114,31.28951511,121.2160327,292,31.2895111316,121.216033052,0.21033730945,0.442372912136
1509265115,31.28951511,121.2160327,292,31.2895111316,121.216033052,0.21033730945,0.442372912136
1509265116,31.2895431,121.21605721,292,31.2895134981,121.216059826,0.217606931503,3.29153701745
1509265117,31.2895431,121.21605721,292,31.2895134981,121.216059826,0.217606931503,3.29153701745
1509265118,31.28955417,121.21618649,292,31.2895249218,121.216189075,0.252699315816,3.25220963608
1509265119,31.28955417,121.21618649,292,31.2895249218,121.216189075,0.252699315816,3.25220963608
1509265120,31.28960602,121.21625186,292,31.2895310566,121.216258486,0.27154500436,8.33542902196
1509265121,31.28960602,121.21625186,292,31.2895310566,121.216258486,0.27154500436,8.33542902196
1509265122,31.28977545,121.21629268,292,31.2895359499,121.216313848,0.286576536176,26.6308258986
1509265123,31.28977545,121.21629268,292,31.2895359499,121.216313848,0.286576536176,26.6308258986
1509265124,31.28982039,121.21633221,292,31.289539765,121.216357013,0.2982962395,31.2036382754
1509265125,31.28982039,121.21633221,292,31.289539765,121.216357013,0.2982962395,31.2036382754
1509265126,31.2898785,121.21640665,292,31.2895467438,121.216435972,0.319734499339,36.889085092
1509265127,31.2898785,121.21640665,292,31.2895467438,121.216435972,0.319734499339,36.889085092
1509265128,31.28994893,121.2164821,292,31.2895539068,121.216517014,0.341738216915,43.9239664437
1509265129,31.28994893,121.2164821,292,31.2895539068,121.216517014,0.341738216915,43.9239664437
1509265135,31.29027946,121.2164685,43,0,0,0,0
1509265135,31.29027946,121.2164685,31,0,0,0,0
1509265135,31.29027946,121.2164685,63,0,0,0,0
1509265135,31.29027946,121.2164685,361,0,0,0,0
1509265135,31.29027946,121.2164685,453,0,0,0,0
1509265135,31.29027946,121.2164685,451,0,0,0,0
1509265135,31.29027946,121.2164685,449,0,0,0,0
1509265135,31.29027946,121.2164685,411,31.2905267092,121.216067585,0.9999,46.996270453
1509265136,31.29027946,121.2164685,411,31.2905267092,121.216067585,0.9999,46.996270453
1509265137,31.29035889,121.21638811,410,31.2905267092,121.216067585,0.0001,35.7432821176
1509265138,31.29035889,121.21638811,410,31.2905267092,121.216067585,0.0001,35.7432821176
1509265139,31.29041873,121.21620273,411,31.2905267092,121.216067585,0.9999,17.5757606767
1509265140,31.29041873,121.21620273,411,31.2905267092,121.216067585,0.9999,17.5757606767
1509265141,31.29049857,121.21611349,410,31.2905267092,121.216067585,0.0001,5.37001887325
1509265142,31.29049857,121.21611349,410,31.2905267092,121.216067585,0.0001,5.37001887325
1509265143,31.29056158,121.21603138,410,31.2905528658,121.216025911,0.283794092154,1.09758302223
1509265144,31.29056158,121.21603138,410,31.2905528658,121.216025911,0.283794092154,1.09758302223
1509265145,31.2906519,121.21596312,410,31.2906091257,121.215936273,0.893987689664,5.3875810265
1509265147,31.2906519,121.21596312,410,31.2906091257,121.215936273,0.893987689664,5.3875810265
1509265149,31.29069405,121.21590112,412,31.290635193,121.215878432,0.0498881693617,6.87397874951
1509265150,31.29075513,121.21579945,412,31.2906772155,121.215769416,0.178558877025,9.09971790574
1509265151,31.29075513,121.21579945,412,31.2906772155,121.215769416,0.178558877025,9.09971790574
1509265152,31.29075543,121.21566223,412,31.2907002545,121.215651579,0.310818208982,6.20103936828
1509265153,31.29075543,121.21566223,412,31.2907002545,121.215651579,0.310818208982,6.20103936828
1509265154,31.2907745,121.21549573,412,31.2907316,121.2154892,0.4929481689,4.79697758533
1509265155,31.2907745,121.21549573,412,31.2907316,121.2154892,0.4929481689,4.79697758533
1509265156,31.29078666,121.21536223,412,31.2907390835,121.215359485,0.63604104054,5.28148416159
1509265157,31.29078666,121.21536223,412,31.2907390835,121.215359485,0.63604104054,5.28148416159
1509265158,31.29078615,121.21523842,412,31.2907338653,121.215244533,0.763233727901,5.82618445734
1509265159,31.29078615,121.21523842,412,31.2907338653,121.215244533,0.763233727901,5.82618445734
1509265160,31.29078752,121.21509959,412,31.2907178713,121.215107733,0.914918077052,7.76108960039
1509265161,31.29078752,121.21509959,412,31.2907178713,121.215107733,0.914918077052,7.76108960039
1509265162,31.29076672,121.21499554,408,31.2907040439,121.21501011,0.0818911688885,7.08629057736
1509265164,31.29076672,121.21499554,408,31.2907040439,121.21501011,0.0818911688885,7.08629057736
1509265165,31.29072871,121.21484584,408,31.2906690803,121.214859701,0.671495907043,6.74185414425
1509265166,31.29072216,121.21474538,406,31.2906469468,121.214766412,0.0122934612367,8.57628265968
1509265168,31.29072216,121.21474538,406,31.2906469468,121.214766412,0.0122934612367,8.57628265968
1509265169,31.29069471,121.21468579,406,31.2906295013,121.214704024,0.0931279816833,7.43551093512
1509265170,31.29069471,121.21468579,406,31.2906295013,121.214704024,0.0931279816833,7.43551093512
1509265171,31.29066399,121.21458803,406,31.2906019191,121.214605387,0.220930858772,7.0777146063
1509265172,31.29066399,121.21458803,406,31.2906019191,121.214605387,0.220930858772,7.0777146063
1509265173,31.29063782,121.2144781,406,31.2905590771,121.2145168,0.343788434098,9.47630762976
1509265174,31.29063782,121.2144781,406,31.2905590771,121.2145168,0.343788434098,9.47630762976
1509265175,31.29059106,121.21429538,406,31.2904723632,121.214344571,0.58469809465,13.9690219875
1509265176,31.29059106,121.21429538,406,31.2904723632,121.214344571,0.58469809465,13.9690219875
1509265177,31.29057384,121.21422739,406,31.2904549649,121.214192434,0.781079254545,13.5939493399
1509265178,31.29057384,121.21422739,406,31.2904549649,121.214192434,0.781079254545,13.5939493399
1509265179,31.29058867,121.21412888,243,31.2906126085,121.214063667,0.0889951714069,6.75263021361
1509265180,31.29058867,121.21412888,243,31.2906126085,121.214063667,0.0889951714069,6.75263021361
1509265181,31.29064963,121.21406878,243,31.2906468879,121.21407625,0.117882095346,0.773497699969
1509265182,31.29064963,121.21406878,243,31.2906468879,121.21407625,0.117882095346,0.773497699969
1509265183,31.29071254,121.21408679,243,31.2907081536,121.214098739,0.169510070874,1.23732503997
1509265184,31.29071254,121.21408679,243,31.2907081536,121.214098739,0.169510070874,1.23732503997
1509265186,31.29093952,121.21423321,243,31.2909555459,121.214189552,0.377985020572,4.52062011217
1509265187,31.29093952,121.21423321,243,31.2909555459,121.214189552,0.377985020572,4.52062011217
1509265188,31.29096345,121.21424607,243,31.2909807944,121.21419882,0.399261650477,4.89253700844
1509265189,31.29096345,121.21424607,243,31.2909807944,121.21419882,0.399261650477,4.89253700844
1509265190,31.29108108,121.21431974,243,31.2911082877,121.214245621,0.506698981556,7.67479992151
1509265191,31.29108108,121.21431974,243,31.2911082877,121.214245621,0.506698981556,7.67479992151
1509265192,31.29111822,121.21432624,243,31.2911431202,121.214258407,0.536051913414,7.02387548864
1509265193,31.29111822,121.21432624,243,31.2911431202,121.214258407,0.536051913414,7.02387548864
1509265194,31.29122716,121.21440777,243,31.2912654981,121.214303329,0.639178501524,10.8144987102
1509265195,31.29122716,121.21440777,243,31.2912654981,121.214303329,0.639178501524,10.8144987102
1509265196,31.29129277,121.21444139,243,31.2913341928,121.214328546,0.69706687535,11.6846511954
1509265197,31.29129277,121.21444139,243,31.2913341928,121.214328546,0.69706687535,11.6846511954
1509265198,31.29133935,121.21444928,243,31.2913777939,121.214344551,0.733809085285,10.8443556703
1509265199,31.29133935,121.21444928,243,31.2913777939,121.214344551,0.733809085285,10.8443556703
1509265201,31.29141052,121.21447058,243,31.2914474031,121.214370103,0.792467987384,10.4040571964
1509265202,31.29141052,121.21447058,243,31.2914474031,121.214370103,0.792467987384,10.4040571964
1509265204,31.29158229,121.21447323,243,31.2915918798,121.214405994,0.910886263545,6.48936522831
1509265205,31.29158229,121.21447323,243,31.2915918798,121.214405994,0.910886263545,6.48936522831
1509265206,31.29166493,121.21444868,243,31.2916694404,121.214417056,0.972863544617,3.05218908348
1509265207,31.29166493,121.21444868,243,31.2916694404,121.214417056,0.972863544617,3.05218908348
1509265208,31.2917578,121.21443736,241,31.2917588614,121.214430572,0.0462805633166,0.656909888794
1509265209,31.2917578,121.21443736,241,31.2917588614,121.214430572,0.0462805633166,0.656909888794
1509265210,31.29183403,121.21442929,241,31.2918320403,121.214442015,0.107345819958,1.23145691114
1509265211,31.29183403,121.21442929,241,31.2918320403,121.214442015,0.107345819958,1.23145691114
1509265212,31.29201592,121.21431605,241,31.2920419605,121.214394731,0.285484746293,8.02846741729
1509265213,31.29201592,121.21431605,241,31.2920419605,121.214394731,0.285484746293,8.02846741729
1509265214,31.29203971,121.21431781,241,31.2920628769,121.214387809,0.303649120745,7.14251616047
1509265215,31.29203971,121.21431781,241,31.2920628769,121.214387809,0.303649120745,7.14251616047
1509265216,31.29214403,121.21431746,241,31.2921570026,121.214356657,0.3853904183,3.99953083416
1509265217,31.29214403,121.21431746,241,31.2921570026,121.214356657,0.3853904183,3.99953083416
1509265219,31.29224489,121.21429997,241,31.2922533386,121.214322845,0.46957636078,2.37087736513
1509265220,31.29233074,121.21431431,241,31.2923242232,121.214296665,0.531875445724,1.82877068642
1509265222,31.29233074,121.21431431,241,31.2923242232,121.214296665,0.531875445724,1.82877068642
1509265223,31.29239596,121.2143264,241,31.2923776854,121.21427692,0.57886227779,5.12830098587
1509265224,31.29239596,121.2143264,241,31.2923776854,121.21427692,0.57886227779,5.12830098587
1509265225,31.29248568,121.21432754,241,31.2924562655,121.214247898,0.647924765282,8.25441771284
1509265226,31.29248568,121.21432754,241,31.2924562655,121.214247898,0.647924765282,8.25441771284
1509265227,31.29261158,121.21432216,241,31.2925699457,121.214206084,0.747787584564,11.9770961978
1509265228,31.29261158,121.21432216,241,31.2925699457,121.214206084,0.747787584564,11.9770961978
1509265229,31.29272413,121.21428755,241,31.2926806653,121.214166371,0.844764286436,12.5036349845
1509265230,31.29272413,121.21428755,241,31.2926806653,121.214166371,0.844764286436,12.5036349845
1509265231,31.29276766,121.21424163,241,31.2927338266,121.214147303,0.891327032696,9.73290854346
1509265232,31.29276766,121.21424163,241,31.2927338266,121.214147303,0.891327032696,9.73290854346
1509265233,31.29279509,121.21425607,241,31.2927535409,121.214140232,0.908594359674,11.9525422013
1509265234,31.29279509,121.21425607,241,31.2927535409,121.214140232,0.908594359674,11.9525422013
1509265235,31.29278071,121.21423517,240,31.292747442,121.214142419,0.0967475378492,9.57025064703
1509265237,31.29278071,121.21423517,240,31.292747442,121.214142419,0.0967475378492,9.57025064703
1509265238,31.29274388,121.21424136,240,31.292712843,121.214154829,0.12705198042,8.92845687186
1509265239,31.29274388,121.21424136,240,31.292712843,121.214154829,0.12705198042,8.92845687186
1509265240,31.29268815,121.21424154,240,31.2926634083,121.214172561,0.170350643773,7.11747359613
1509265241,31.29268815,121.21424154,240,31.2926634083,121.214172561,0.170350643773,7.11747359613
1509265242,31.29264503,121.21425474,240,31.2926210086,121.214187769,0.207487596067,6.91028476716
1509265243,31.29264503,121.21425474,240,31.2926210086,121.214187769,0.207487596067,6.91028476716
1509265244,31.29256682,121.21428005,240,31.2925430753,121.214215814,0.275773631444,6.65851658175
1509265245,31.29256682,121.21428005,240,31.2925430753,121.214215814,0.275773631444,6.65851658175
1509265246,31.29250469,121.21428171,240,31.2924878743,121.214236219,0.324293612528,4.71546004517
1509265247,31.29250469,121.21428171,240,31.2924878743,121.214236219,0.324293612528,4.71546004517
1509265248,31.29242403,121.21430548,240,31.292409185,121.214265286,0.393453285739,4.16585057925
1509265249,31.29242403,121.21430548,240,31.292409185,121.214265286,0.393453285739,4.16585057925
1509265250,31.29234278,121.21432062,240,31.2923327672,121.21429351,0.460615363879,2.80982021002
1509265251,31.29234278,121.21432062,240,31.2923327672,121.21429351,0.460615363879,2.80982021002
1509265252,31.29225388,121.21433225,240,31.2922507585,121.214323798,0.532691253998,0.875980306829
1509265253,31.29225388,121.21433225,240,31.2922507585,121.214323798,0.532691253998,0.875980306829
1509265255,31.29215979,121.21434808,240,31.2921620731,121.214354978,0.610206202694,0.703894846224
1509265256,31.29215979,121.21434808,240,31.2921620731,121.214354978,0.610206202694,0.703894846224
1509265257,31.29203875,121.21438318,240,31.2920425125,121.214394548,0.714035865725,1.16001281242
1509265258,31.29203875,121.21438318,240,31.2920425125,121.214394548,0.714035865725,1.16001281242
1509265259,31.29186444,121.21437629,240,31.2918770836,121.214435699,0.854761513789,5.82757904881
1509265260,31.29186444,121.21437629,240,31.2918770836,121.214435699,0.854761513789,5.82757904881
1509265261,31.29181622,121.21437028,240,31.2918056486,121.214437888,0.914677166527,6.54290553617
1509265262,31.29181622,121.21437028,240,31.2918056486,121.214437888,0.914677166527,6.54290553617
1509265263,31.29175179,121.21432882,281,31.2917200041,121.214323459,0.0804850990207,3.56102450736
1509265264,31.29175179,121.21432882,281,31.2917200041,121.214323459,0.0804850990207,3.56102450736
1509265265,31.29173511,121.21429185,281,31.2917256059,121.214290247,0.107638832393,1.06475949986
1509265266,31.29173511,121.21429185,281,31.2917256059,121.214290247,0.107638832393,1.06475949986
1509265267,31.29172141,121.2142189,281,31.291737191,121.214221562,0.163795455708,1.76796926219
1509265268,31.29172141,121.2142189,281,31.291737191,121.214221562,0.163795455708,1.76796926219
1509265269,31.29173564,121.21412786,281,31.2917525156,121.214130706,0.238078328233,1.89059406978
1509265270,31.29173564,121.21412786,281,31.2917525156,121.214130706,0.238078328233,1.89059406978
1509265271,31.29176315,121.2140384,281,31.2917679483,121.214039209,0.312885834184,0.537566039441
1509265273,31.29176315,121.2140384,281,31.2917679483,121.214039209,0.312885834184,0.537566039441
1509265274,31.29183047,121.21398928,281,31.2917778665,121.213980407,0.36096200387,5.89325290246
1509265275,31.29183047,121.21398928,281,31.2917778665,121.213980407,0.36096200387,5.89325290246
1509265276,31.29178828,121.21396494,281,31.2917806912,121.21396366,0.374654562239,0.850180531103
1509265277,31.29178828,121.21396494,281,31.2917806912,121.21396366,0.374654562239,0.850180531103
1509265278,31.29178235,121.21387994,281,31.2917944675,121.213881984,0.441432539028,1.35754527809
1509265279,31.29178235,121.21387994,281,31.2917944675,121.213881984,0.441432539028,1.35754527809
1509265280,31.29176269,121.21380737,281,31.2918058255,121.213814646,0.49648790182,4.83252928298
1509265281,31.29176269,121.21380737,281,31.2918058255,121.213814646,0.49648790182,4.83252928298
1509265282,31.29174373,121.21374272,281,31.2918159038,121.213754894,0.54534090162,8.08574163096
1509265283,31.29174373,121.21374272,281,31.2918159038,121.213754894,0.54534090162,8.08574163096
1509265284,31.29174507,121.21365278,281,31.2918306914,121.213667222,0.617020894502,9.5922943604
1509265285,31.29174507,121.21365278,281,31.2918306914,121.213667222,0.617020894502,9.5922943604
1509265286,31.29178469,121.21353149,281,31.2918516794,121.213542789,0.718756362308,7.50492661278
1509265288,31.29178469,121.21353149,281,31.2918516794,121.213542789,0.718756362308,7.50492661278
1509265289,31.29181609,121.21342445,281,31.291870103,121.21343356,0.808061185274,6.05115947181
1509265290,31.29181609,121.21342445,281,31.291870103,121.21343356,0.808061185274,6.05115947181
1509265291,31.2919329,121.21335991,281,31.2918839191,121.213351648,0.875031966479,5.48740385435
1509265292,31.2919329,121.21335991,281,31.2918839191,121.213351648,0.875031966479,5.48740385435
1509265293,31.29204555,121.21331596,210,31.292060171,121.213222286,0.168119450687,9.06495797002
1509265294,31.29204555,121.21331596,210,31.292060171,121.213222286,0.168119450687,9.06495797002
1509265295,31.29205356,121.21330654,210,31.2920665551,121.213223282,0.175252402583,8.05694232744
1509265296,31.29205356,121.21330654,210,31.2920665551,121.213223282,0.175252402583,8.05694232744
1509265297,31.29214914,121.21333793,210,31.2921646449,121.213238593,0.284846990093,9.61305381874
1509265298,31.29214914,121.21333793,210,31.2921646449,121.213238593,0.284846990093,9.61305381874
1509265299,31.29218164,121.21333933,210,31.2921965853,121.213243578,0.320533611495,9.26608871548
1509265300,31.29218164,121.21333933,210,31.2921965853,121.213243578,0.320533611495,9.26608871548
1509265301,31.29222491,121.21335722,210,31.2922415521,121.213250597,0.370774550018,10.3181309371
1509265302,31.29222491,121.21335722,210,31.2922415521,121.213250597,0.370774550018,10.3181309371
1509265303,31.29222491,121.21335722,210,31.2922415521,121.213250597,0.370774550018,10.3181309371
1509265304,31.29232007,121.21341611,210,31.2923350509,121.21326446,0.47513771655,14.5341124686
1509265306,31.29232007,121.21341611,210,31.2923350509,121.21326446,0.47513771655,14.5341124686
1509265307,31.29254892,121.2133413,210,31.2925543705,121.213286125,0.718427992602,5.28788135843
1509265308,31.29254892,121.2133413,210,31.2925543705,121.213286125,0.718427992602,5.28788135843
1509265309,31.29260929,121.21335343,210,31.2926153437,121.213292149,0.786065365964,5.87313750363
1509265310,31.29260929,121.21335343,210,31.2926153437,121.213292149,0.786065365964,5.87313750363
1509265311,31.29269333,121.21333438,210,31.2926967079,121.213300186,0.876322248102,3.27709143617
1509265312,31.29269333,121.21333438,210,31.2926967079,121.213300186,0.876322248102,3.27709143617
1509265313,31.29280876,121.21340181,520,31.2928197447,121.213312622,0.0807885319138,8.57855230392
1509265314,31.29280876,121.21340181,520,31.2928197447,121.213312622,0.0807885319138,8.57855230392
1509265315,31.29286918,121.21339023,520,31.2928778569,121.213319779,0.487452346057,6.77630408489
1509265316,31.29286918,121.21339023,520,31.2928778569,121.213319779,0.487452346057,6.77630408489
1509265317,31.29290401,121.21326809,175,31.2929568091,121.213273545,0.00807557839655,5.8770769952
1509265318,31.29290401,121.21326809,175,31.2929568091,121.213273545,0.00807557839655,5.8770769952
1509265319,31.29290898,121.21317827,175,31.2929660707,121.213184225,0.0211305045645,6.35523748714
1509265321,31.29290898,121.21317827,175,31.2929660707,121.213184225,0.0211305045645,6.35523748714
1509265322,31.29299347,121.21286576,175,31.2929903149,121.212865541,0.0675983389393,0.350439822584
1509265324,31.29299347,121.21286576,175,31.2929903149,121.212865541,0.0675983389393,0.350439822584
1509265325,31.29299627,121.21275461,175,31.2929980235,121.212754732,0.0837464253808,0.194760198219
1509265326,31.29299627,121.21275461,175,31.2929980235,121.212754732,0.0837464253808,0.194760198219
1509265327,31.293037,121.21257579,175,31.2930105996,121.212573953,0.110091219928,2.93234919532
1509265328,31.293037,121.21257579,175,31.2930105996,121.212573953,0.110091219928,2.93234919532
1509265329,31.29308113,121.21248956,175,31.293016782,121.212485084,0.123042195785,7.14727524644
1509265330,31.29308113,121.21248956,175,31.293016782,121.212485084,0.123042195785,7.14727524644
1509265331,31.29306594,121.21235296,175,31.2930242307,121.212350829,0.142590530292,4.62894433079
1509265332,31.29306594,121.21235296,175,31.2930242307,121.212350829,0.142590530292,4.62894433079
1509265333,31.2931092,121.21219995,175,31.2930321412,121.212196013,0.165126806094,8.55207953249
1509265334,31.2931092,121.21219995,175,31.2930321412,121.212196013,0.165126806094,8.55207953249
1509265335,31.29313381,121.21211522,175,31.2930365233,121.212110249,0.177611229735,10.7969901195
1509265336,31.29313381,121.21211522,175,31.2930365233,121.212110249,0.177611229735,10.7969901195
1509265337,31.29312954,121.21201775,175,31.2930414795,121.21201325,0.191731112406,9.77305380994
1509265338,31.29312954,121.21201775,175,31.2930414795,121.21201325,0.191731112406,9.77305380994
1509265339,31.29310263,121.21194557,175,31.293045088,121.21194263,0.202011212777,6.3860838306
1509265340,31.29310263,121.21194557,175,31.293045088,121.21194263,0.202011212777,6.3860838306
1509265342,31.29310713,121.21183152,175,31.293050912,121.211828647,0.218603387565,6.23914328138
1509265343,31.29310713,121.21183152,175,31.293050912,121.211828647,0.218603387565,6.23914328138
1509265344,31.29308068,121.21171289,175,31.2930568888,121.211711674,0.235630923784,2.64037514474
1509265345,31.29308068,121.21171289,175,31.2930568888,121.211711674,0.235630923784,2.64037514474
1509265346,31.29308615,121.21162963,175,31.2930611462,121.211628352,0.247759929037,2.77495120305
1509265347,31.29308615,121.21162963,175,31.2930611462,121.211628352,0.247759929037,2.77495120305
1509265348,31.29308644,121.21154629,175,31.2930598582,121.211547686,0.259502949655,2.95024337535
1509265349,31.29308644,121.21154629,175,31.2930598582,121.211547686,0.259502949655,2.95024337535
1509265350,31.29307961,121.21144924,175,31.2930547572,121.211450545,0.273644568198,2.75834659325
1509265351,31.29307961,121.21144924,175,31.2930547572,121.211450545,0.273644568198,2.75834659325
1509265352,31.29307543,121.21135485,175,31.2930498027,121.211356196,0.287379810255,2.84429696011
1509265353,31.29307543,121.21135485,175,31.2930498027,121.211356196,0.287379810255,2.84429696011
1509265354,31.29307013,121.21125063,175,31.2930399041,121.21125386,0.302329900726,3.36535939971
1509265356,31.29307013,121.21125063,175,31.2930399041,121.21125386,0.302329900726,3.36535939971
1509265357,31.29306634,121.21114989,175,31.2930292168,121.211153857,0.316950934339,4.13331118487
1509265358,31.293051,121.21104733,175,31.2930220969,121.211048147,0.332365474957,3.20555902014
1509265360,31.293051,121.21104733,175,31.2930220969,121.211048147,0.332365474957,3.20555902014
1509265361,31.29305206,121.2109379,175,31.2930190057,121.210938835,0.348263507186,3.6659558178
1509265362,31.29305206,121.2109379,175,31.2930190057,121.210938835,0.348263507186,3.6659558178
1509265363,31.29304596,121.21086145,175,31.2930168407,121.210862273,0.359398303098,3.22953963539
1509265364,31.29304596,121.21086145,175,31.2930168407,121.210862273,0.359398303098,3.22953963539
1509265365,31.29304274,121.21078452,175,31.2930146644,121.210785314,0.370591017549,3.11378518382
1509265366,31.29304274,121.21078452,175,31.2930146644,121.210785314,0.370591017549,3.11378518382
1509265367,31.29302743,121.21070332,175,31.2930171669,121.210702962,0.382570234366,1.13842376891
1509265368,31.29302743,121.21070332,175,31.2930171669,121.210702962,0.382570234366,1.13842376891
1509265369,31.29302469,121.21061949,175,31.2930200811,121.210619329,0.394736032563,0.511240896122
1509265370,31.29302469,121.21061949,175,31.2930200811,121.210619329,0.394736032563,0.511240896122
1509265371,31.29303181,121.21053142,175,31.2930231547,121.210531118,0.407567777681,0.960077797211
1509265372,31.29303181,121.21053142,175,31.2930231547,121.210531118,0.407567777681,0.960077797211
1509265374,31.29304633,121.21043881,175,31.2930306289,121.210437384,0.421241264572,1.74613400231
1509265375,31.29304633,121.21043881,175,31.2930306289,121.210437384,0.421241264572,1.74613400231
1509265376,31.29305805,121.21033308,175,31.2930420519,121.21033063,0.436855256802,1.78904704863
1509265377,31.29305805,121.21033308,175,31.2930420519,121.21033063,0.436855256802,1.78904704863
1509265378,31.29312117,121.21017006,175,31.2930699436,121.210161013,0.461846690156,5.74464704457
1509265379,31.29312117,121.21017006,175,31.2930699436,121.210161013,0.461846690156,5.74464704457
1509265380,31.29312864,121.21014726,175,31.2930740742,121.210137624,0.465299666935,6.1191305678
1509265381,31.29312864,121.21014726,175,31.2930740742,121.210137624,0.465299666935,6.1191305678
1509265382,31.29313416,121.21004466,175,31.2930892157,121.210038295,0.479908521622,5.01988766312
1509265383,31.29313416,121.21004466,175,31.2930892157,121.210038295,0.479908521622,5.01988766312
1509265384,31.29315184,121.20994274,175,31.2931015407,121.20993863,0.494513367174,5.59062505319
1509265385,31.29315184,121.20994274,175,31.2931015407,121.20993863,0.494513367174,5.59062505319
1509265386,31.29316732,121.20976919,175,31.2931146293,121.20976777,0.519428588217,5.84362455587
1509265387,31.29316732,121.20976919,175,31.2931146293,121.20976777,0.519428588217,5.84362455587
1509265388,31.29316933,121.20967401,175,31.2931171936,121.209672605,0.533268543246,5.78214119525
1509265389,31.29316933,121.20967401,175,31.2931171936,121.209672605,0.533268543246,5.78214119525
1509265390,31.29317687,121.20955189,175,31.2931204875,121.209550371,0.551045223713,6.25306125849
1509265392,31.29317687,121.20955189,175,31.2931204875,121.209550371,0.551045223713,6.25306125849
1509265393,31.29316392,121.20946132,175,31.2931229168,121.209460215,0.564156644085,4.54742196777
1509265394,31.29316392,121.20946132,175,31.2931229168,121.209460215,0.564156644085,4.54742196777
1509265395,31.29314271,121.20935986,175,31.2931256335,121.2093594,0.578818312964,1.89385756636
1509265396,31.29314271,121.20935986,175,31.2931256335,121.2093594,0.578818312964,1.89385756636
1509265397,31.29314074,121.20914885,175,31.2931313139,121.209148596,0.609475738096,1.04538898779
1509265398,31.29314074,121.20914885,175,31.2931313139,121.209148596,0.609475738096,1.04538898779
1509265399,31.29314656,121.20910334,175,31.2931325436,121.209102962,0.616112294249,1.5544751096
1509265400,31.29314656,121.20910334,175,31.2931325436,121.209102962,0.616112294249,1.5544751096
1509265401,31.29314501,121.20898266,175,31.2931357921,121.208982412,0.633644109143,1.02230783245
1509265402,31.29314501,121.20898266,175,31.2931357921,121.208982412,0.633644109143,1.02230783245
1509265403,31.29312585,121.20881511,175,31.2931402898,121.208815499,0.657918370073,1.60143458861
1509265404,31.29312585,121.20881511,175,31.2931402898,121.208815499,0.657918370073,1.60143458861
1509265405,31.29313601,121.20873511,175,31.2931424513,121.208735284,0.669584199313,0.714371150165
1509265406,31.29313601,121.20873511,175,31.2931424513,121.208735284,0.669584199313,0.714371150165
1509265407,31.2931572,121.20860453,175,31.2931459829,121.208604228,0.688643787708,1.24402744454
1509265408,31.2931572,121.20860453,175,31.2931459829,121.208604228,0.688643787708,1.24402744454
1509265409,31.29314548,121.20850083,175,31.2931487667,121.208500919,0.703668148997,0.364508720157
1509265411,31.29314548,121.20850083,175,31.2931487667,121.208500919,0.703668148997,0.364508720157
1509265412,31.2931856,121.20836939,175,31.2931523351,121.208368494,0.722926847998,3.6892151995
1509265413,31.2931856,121.20836939,175,31.2931523351,121.208368494,0.722926847998,3.6892151995
1509265414,31.29320599,121.2081727,175,31.2931576462,121.208171397,0.751590774238,5.36152937989
1509265415,31.29320599,121.2081727,175,31.2931576462,121.208171397,0.751590774238,5.36152937989
1509265416,31.29319562,121.20814214,175,31.2931584616,121.208141139,0.755991313038,4.12102505343
1509265417,31.29319562,121.20814214,175,31.2931584616,121.208141139,0.755991313038,4.12102505343
1509265418,31.29320162,121.20804078,175,31.2931611953,121.208039691,0.770745004835,4.4832728266
1509265419,31.29320162,121.20804078,175,31.2931611953,121.208039691,0.770745004835,4.4832728266
1509265420,31.29319637,121.20793872,175,31.2931639396,121.207937846,0.785556369042,3.59666325949
1509265421,31.29319637,121.20793872,175,31.2931639396,121.207937846,0.785556369042,3.59666325949
1509265422,31.29319447,121.20781541,175,31.2931672586,121.207814677,0.803469019464,3.01785362548
1509265423,31.29319447,121.20781541,175,31.2931672586,121.207814677,0.803469019464,3.01785362548
1509265424,31.29320167,121.20770048,175,31.2931703586,121.207699636,0.820199477928,3.47256534769
1509265425,31.29320167,121.20770048,175,31.2931703586,121.207699636,0.820199477928,3.47256534769
1509265426,31.29322647,121.2075286,175,31.293171014,121.207528399,0.845093848037,6.14868656266
1509265427,31.29322647,121.2075286,175,31.293171014,121.207528399,0.845093848037,6.14868656266
1509265429,31.29322647,121.2075286,175,31.293171014,121.207528399,0.845093848037,6.14868656266
1509265430,31.29320165,121.207274,175,31.2931706182,121.207274522,0.882003568353,3.44099118397
1509265431,31.29320165,121.207274,175,31.2931706182,121.207274522,0.882003568353,3.44099118397
1509265432,31.29320861,121.20716763,175,31.2931688306,121.207168299,0.897448240352,4.41098723972
1509265433,31.29320861,121.20716763,175,31.2931688306,121.207168299,0.897448240352,4.41098723972
1509265434,31.2931994,121.20707861,175,31.2931651092,121.207080219,0.910265365752,3.80506107847
1509265435,31.2931994,121.20707861,175,31.2931651092,121.207080219,0.910265365752,3.80506107847
1509265436,31.293186,121.20695797,175,31.293159463,121.206960273,0.927722269663,2.9504421851
1509265437,31.293186,121.20695797,175,31.293159463,121.206960273,0.927722269663,2.9504421851
1509265438,31.29317471,121.20684563,175,31.2931497008,121.206847801,0.944134819374,2.78056969303
1509265439,31.29317471,121.20684563,175,31.2931497008,121.206847801,0.944134819374,2.78056969303
1509265440,31.29313269,121.20673817,175,31.2931401293,121.206737524,0.960226884935,0.827121168013
1509265441,31.29313269,121.20673817,175,31.2931401293,121.206737524,0.960226884935,0.827121168013
1509265442,31.29313586,121.20666109,175,31.2931302326,121.206661915,0.971316282671,0.628861747797
1509265444,31.29313586,121.20666109,175,31.2931302326,121.206661915,0.971316282671,0.628861747797
1509265445,31.2931108,121.20654199,175,31.2931126041,121.206541725,0.988976242641,0.201611502076
1509265447,31.29309329,121.20642655,173,31.2930925448,121.206426719,0.0406429888857,0.0841695059329
1509265448,31.29309329,121.20642655,173,31.2930925448,121.206426719,0.0406429888857,0.0841695059329
1509265449,31.29307844,121.20633503,173,31.2930721034,121.206336465,0.132390521909,0.715728244206
1509265450,31.29307844,121.20633503,173,31.2930721034,121.206336465,0.132390521909,0.715728244206
1509265451,31.29305537,121.20620235,173,31.2930423937,121.206205289,0.265737954047,1.46570347718
1509265452,31.29305537,121.20620235,173,31.2930423937,121.206205289,0.265737954047,1.46570347718
1509265453,31.29303843,121.20607688,173,31.293014001,121.206083471,0.389764269744,2.7802834513
1509265454,31.29303843,121.20607688,173,31.293014001,121.206083471,0.389764269744,2.7802834513
1509265455,31.29300952,121.20596303,173,31.2929834086,121.205970074,0.50620936668,2.97176727753
1509265456,31.29300952,121.20596303,173,31.2929834086,121.205970074,0.50620936668,2.97176727753
1509265457,31.29297064,121.20585759,173,31.2929542546,121.205862011,0.617178933594,1.86483473762
1509265458,31.29297064,121.20585759,173,31.2929542546,121.205862011,0.617178933594,1.86483473762
1509265459,31.29292241,121.20570072,173,31.2929102881,121.205704173,0.779627519434,1.38362162828
1509265460,31.29292241,121.20570072,173,31.2929102881,121.205704173,0.779627519434,1.38362162828
1509265461,31.2928816,121.20558009,173,31.2928754454,121.205581843,0.905733865437,0.702502548282
1509265462,31.2928816,121.20558009,173,31.2928754454,121.205581843,0.905733865437,0.702502548282
1509265463,31.29288141,121.20546985,316,31.2928644163,121.205461131,0.0540386248042,2.05892636004
1509265465,31.29288141,121.20546985,316,31.2928644163,121.205461131,0.0540386248042,2.05892636004
1509265466,31.29286665,121.20538474,316,31.2928959077,121.205399751,0.16736576081,3.54479874655
1509265467,31.29286665,121.20538474,316,31.2928959077,121.205399751,0.16736576081,3.54479874655
1509265468,31.29289825,121.20529806,316,31.292936146,121.205314223,0.322733793978,4.47463814724
1509265469,31.29289825,121.20529806,316,31.292936146,121.205314223,0.322733793978,4.47463814724
1509265470,31.29293498,121.20526497,316,31.2929537399,121.205272971,0.39640435035,2.21510331449
1509265471,31.29293498,121.20526497,316,31.2929537399,121.205272971,0.39640435035,2.21510331449
1509265472,31.29293484,121.2052165,316,31.2929671608,121.205223412,0.481063187317,3.64348691529
1509265473,31.29293484,121.2052165,316,31.2929671608,121.205223412,0.481063187317,3.64348691529
1509265474,31.29293491,121.20516125,316,31.2929784633,121.205170565,0.56984016864,4.90971498138
1509265475,31.29293491,121.20516125,316,31.2929784633,121.205170565,0.56984016864,4.90971498138
1509265476,31.29294777,121.20509727,316,31.2929921107,121.205106753,0.677035014621,4.9984725444
1509265477,31.29294777,121.20509727,316,31.2929921107,121.205106753,0.677035014621,4.9984725444
1509265479,31.29296809,121.20500915,316,31.2929898588,121.205007465,0.841226138549,2.41892674752
1509265480,31.29296809,121.20500915,316,31.2929898588,121.205007465,0.841226138549,2.41892674752
1509265482,31.29298727,121.20492921,316,31.2929838224,121.204929477,0.969721775874,0.383095621988
1509265483,31.293013,121.20484143,447,31.2929843525,121.204840636,0.0105601067301,3.17717713968
1509265484,31.293013,121.20484143,447,31.2929843525,121.204840636,0.0105601067301,3.17717713968
1509265485,31.29304704,121.20466905,447,31.2929891515,121.204667446,0.0365153843663,6.42018048539
1509265486,31.29304704,121.20466905,447,31.2929891515,121.204667446,0.0365153843663,6.42018048539
1509265487,31.29304822,121.20452499,447,31.2929931411,121.204523464,0.058093369845,6.1085758678
1509265488,31.29304822,121.20452499,447,31.2929931411,121.204523464,0.058093369845,6.1085758678
1509265489,31.29305186,121.20437919,447,31.2929971808,121.204377675,0.0799421292836,6.06424732389
1509265490,31.29305186,121.20437919,447,31.2929971808,121.204377675,0.0799421292836,6.06424732389
1509265491,31.29304005,121.20425918,447,31.2930004946,121.204258084,0.0978647082231,4.38693208478
1509265492,31.29304005,121.20425918,447,31.2930004946,121.204258084,0.0978647082231,4.38693208478
1509265493,31.29304081,121.20416621,447,31.2930030693,121.204165164,0.111790186503,4.18566767306
1509265494,31.29304081,121.20416621,447,31.2930030693,121.204165164,0.111790186503,4.18566767306
1509265495,31.29305213,121.20407047,447,31.2930057288,121.204069184,0.126174292723,5.14616501234
1509265497,31.29305213,121.20407047,447,31.2930057288,121.204069184,0.126174292723,5.14616501234
1509265498,31.29305213,121.20407047,447,31.2930057288,121.204069184,0.126174292723,5.14616501234
1509265499,31.29301379,121.20387366,447,31.2930111487,121.203873587,0.155487641629,0.292939208999
1509265500,31.29301379,121.20387366,447,31.2930111487,121.203873587,0.155487641629,0.292939208999
1509265501,31.29303378,121.20371348,447,31.2930155991,121.203712976,0.179557660349,2.01637381687
1509265502,31.29303378,121.20371348,447,31.2930155991,121.203712976,0.179557660349,2.01637381687
1509265503,31.29305704,121.2035548,447,31.2930200104,121.203553774,0.203416621765,4.10679820541
1509265504,31.29305704,121.2035548,447,31.2930200104,121.203553774,0.203416621765,4.10679820541
1509265505,31.29304822,121.20349914,447,31.2930215448,121.203498401,0.211715148627,2.95844036251
1509265506,31.29304822,121.20349914,447,31.2930215448,121.203498401,0.211715148627,2.95844036251
1509265507,31.29306438,121.20330979,447,31.2930267999,121.203308749,0.240137503443,4.16785690987
1509265508,31.29306438,121.20330979,447,31.2930267999,121.203308749,0.240137503443,4.16785690987
1509265509,31.29306278,121.20313838,447,31.2930315446,121.203137514,0.265799635648,3.46418524866
1509265510,31.29306278,121.20313838,447,31.2930315446,121.203137514,0.265799635648,3.46418524866
1509265511,31.29307098,121.20293652,447,31.29303714,121.202935582,0.296062342195,3.75305298852
1509265512,31.29307098,121.20293652,447,31.29303714,121.202935582,0.296062342195,3.75305298852
1509265513,31.29308971,121.20272912,447,31.2930406639,121.202728311,0.32711784778,5.43851295012
1509265514,31.29308971,121.20272912,447,31.2930406639,121.202728311,0.32711784778,5.43851295012
1509265516,31.29307465,121.2025255,447,31.2930256412,121.202532483,0.356629911872,5.47434558243
1509265517,31.29307465,121.2025255,447,31.2930256412,121.202532483,0.356629911872,5.47434558243
1509265518,31.29300498,121.20234082,447,31.2929815324,121.202350067,0.384932134139,2.74476064077
1509265519,31.29300498,121.20234082,447,31.2929815324,121.202350067,0.384932134139,2.74476064077
1509265520,31.2929201,121.20218639,447,31.292911703,121.202193071,0.410814016528,1.12756808054
1509265521,31.2929201,121.20218639,447,31.292911703,121.202193071,0.410814016528,1.12756808054
1509265522,31.29281484,121.20203059,447,31.2927960763,121.202049882,0.438397414951,2.77527559419
1509265523,31.29281484,121.20203059,447,31.2927960763,121.202049882,0.438397414951,2.77527559419
1509265524,31.29269091,121.20193002,447,31.2926821242,121.201939053,0.462210869891,1.29947530654
1509265525,31.29269091,121.20193002,447,31.2926821242,121.201939053,0.462210869891,1.29947530654
1509265526,31.29255981,121.20178422,447,31.2925418813,121.201802654,0.491518533415,2.65177456467
1509265527,31.29255981,121.20178422,447,31.2925418813,121.201802654,0.491518533415,2.65177456467
1509265528,31.29244761,121.20167607,447,31.2924301686,121.201694003,0.514864003363,2.57969490281
1509265529,31.29244761,121.20167607,447,31.2924301686,121.201694003,0.514864003363,2.57969490281
1509265530,31.29235821,121.20156901,447,31.2923307175,121.201597277,0.535647092314,4.06632996844
1509265531,31.29235821,121.20156901,447,31.2923307175,121.201597277,0.535647092314,4.06632996844
1509265532,31.29226898,121.20150452,447,31.2922526304,121.20152133,0.551965548221,2.41820927213
1509265534,31.29226898,121.20150452,447,31.2922526304,121.20152133,0.551965548221,2.41820927213
1509265535,31.29216225,121.20140533,447,31.2921492109,121.201428934,0.572840623644,2.67221899283
1509265536,31.29216225,121.20140533,447,31.2921492109,121.201428934,0.572840623644,2.67221899283
1509265537,31.29205553,121.20130372,447,31.2920244363,121.201360008,0.594195286885,6.37233684324
1509265538,31.29205553,121.20130372,447,31.2920244363,121.201360008,0.594195286885,6.37233684324
1509265539,31.29194476,121.20125829,447,31.2919296821,121.201312227,0.610151372334,5.400635139
1509265540,31.29194476,121.20125829,447,31.2919296821,121.201312227,0.610151372334,5.400635139
1509265541,31.29179386,121.20121781,447,31.2917792239,121.201270166,0.633555396548,5.24238432622
1509265542,31.29179386,121.20121781,447,31.2917792239,121.201270166,0.633555396548,5.24238432622
1509265543,31.29167789,121.20120485,447,31.2916900915,121.201265914,0.647300156082,5.9693082578
1509265544,31.29167789,121.20120485,447,31.2916900915,121.201265914,0.647300156082,5.9693082578
1509265545,31.29157441,121.20123016,447,31.2915857213,121.201286769,0.663244750253,5.53380087257
1509265546,31.29157441,121.20123016,447,31.2915857213,121.201286769,0.663244750253,5.53380087257
1509265548,31.2914702,121.20128832,447,31.2914832965,121.201316024,0.679308689374,3.01099604043
1509265549,31.2914702,121.20128832,447,31.2914832965,121.201316024,0.679308689374,3.01099604043
1509265550,31.29135827,121.20134126,447,31.2913713562,121.201368942,0.697857684014,3.00861955617
1509265551,31.29135827,121.20134126,447,31.2913713562,121.201368942,0.697857684014,3.00861955617
1509265552,31.29125687,121.20142409,447,31.2912613408,121.201428719,0.716758403767,0.663324781247
1509265553,31.29125687,121.20142409,447,31.2912613408,121.201428719,0.716758403767,0.663324781247
1509265554,31.29113367,121.20149922,447,31.2911600525,121.201526538,0.737853105267,3.9143175087
1509265555,31.29113367,121.20149922,447,31.2911600525,121.201526538,0.737853105267,3.9143175087
1509265556,31.29104864,121.20157332,447,31.2910790288,121.201604787,0.754727422242,4.50872622935
1509265557,31.29104864,121.20157332,447,31.2910790288,121.201604787,0.754727422242,4.50872622935
1509265558,31.29096066,121.2016678,447,31.2909862949,121.201694344,0.774040552494,3.8034030607
1509265559,31.29096066,121.2016678,447,31.2909862949,121.201694344,0.774040552494,3.8034030607
1509265560,31.29087093,121.20174111,447,31.2909032341,121.20177456,0.791339126455,4.79289952546
1509265561,31.29087093,121.20174111,447,31.2909032341,121.20177456,0.791339126455,4.79289952546
1509265562,31.29080248,121.20180877,447,31.2908340073,121.201841416,0.805756582096,4.67764428675
1509265563,31.29080248,121.20180877,447,31.2908340073,121.201841416,0.805756582096,4.67764428675
1509265564,31.29070602,121.20189079,447,31.2907431119,121.201929197,0.824686818943,5.5032561729
1509265566,31.29070602,121.20189079,447,31.2907431119,121.201929197,0.824686818943,5.5032561729
1509265567,31.29063169,121.20196863,447,31.2906657558,121.202003904,0.840797322696,5.05427140558
1509265568,31.29063169,121.20196863,447,31.2906657558,121.202003904,0.840797322696,5.05427140558
1509265569,31.29052187,121.20210141,447,31.2905414159,121.202122165,0.86650463991,2.93283670834
1509265570,31.29052187,121.20210141,447,31.2905414159,121.202122165,0.86650463991,2.93283670834
1509265571,31.2904912,121.20212579,447,31.2905129938,121.202148932,0.872353462337,3.27012464348
1509265572,31.2904912,121.20212579,447,31.2905129938,121.202148932,0.872353462337,3.27012464348
1509265573,31.29045035,121.20225642,447,31.2904261471,121.20223072,0.890225124461,3.63161288545
1509265574,31.29045035,121.20225642,447,31.2904261471,121.20223072,0.890225124461,3.63161288545
1509265575,31.29039761,121.2022848,447,31.2903840322,121.202270383,0.89889169644,2.03733198337
1509265576,31.29039761,121.2022848,447,31.2903840322,121.202270383,0.89889169644,2.03733198337
1509265577,31.29033175,121.20235456,447,31.2903143113,121.202336043,0.913239133814,2.61664919212
1509265578,31.29033175,121.20235456,447,31.2903143113,121.202336043,0.913239133814,2.61664919212
1509265579,31.29022296,121.20241095,447,31.290228512,121.202416845,0.930895259836,0.83307230902
1509265580,31.29022296,121.20241095,447,31.290228512,121.202416845,0.930895259836,0.83307230902
1509265581,31.2901317,121.20246702,447,31.2901521627,121.202488748,0.946606723893,3.07040502345
1509265582,31.2901317,121.20246702,447,31.2901521627,121.202488748,0.946606723893,3.07040502345
1509265584,31.29003574,121.20254479,447,31.2900624921,121.202573196,0.965059505937,4.01411829293
1509265585,31.29003574,121.20254479,447,31.2900624921,121.202573196,0.965059505937,4.01411829293
1509265586,31.28985021,121.20268698,445,31.2898926798,121.20273312,0.0001,6.43996154705
1509265587,31.28985021,121.20268698,445,31.2898926798,121.20273312,0.0001,6.43996154705
1509265588,31.28982441,121.20272567,445,31.2898626235,121.20276349,0.149115265601,5.56040646219
1509265589,31.28982441,121.20272567,445,31.2898626235,121.20276349,0.149115265601,5.56040646219
1509265590,31.28974332,121.20281661,445,31.2897770308,121.202849973,0.573471359377,4.90523526487
1509265591,31.28974332,121.20281661,445,31.2897770308,121.202849973,0.573471359377,4.90523526487
1509265592,31.28964616,121.2029522,217,31.289661768,121.202967239,0.0635314844527,2.24611985378
1509265593,31.28964616,121.2029522,217,31.289661768,121.202967239,0.0635314844527,2.24611985378
1509265594,31.28974998,121.2030684,217,31.28965369,121.202975623,0.0810879647157,13.8568821574
1509265595,31.28974998,121.2030684,217,31.28965369,121.202975623,0.0810879647157,13.8568821574
1509265596,31.28961285,121.20312725,217,31.2895582671,121.203074658,0.288476078528,7.85491248573
1509265597,31.28961285,121.20312725,217,31.2895582671,121.203074658,0.288476078528,7.85491248573
1509265598,31.28948861,121.20323338,217,31.2894418929,121.203196927,0.543096187457,6.23511013643
1509265599,31.28948861,121.20323338,217,31.2894418929,121.203196927,0.543096187457,6.23511013643
1509265600,31.28937517,121.20331935,217,31.2893572667,121.20330538,0.750539897292,2.38947024855
1509265602,31.28937517,121.20331935,217,31.2893572667,121.20330538,0.750539897292,2.38947024855
1509265603,31.28926899,121.20343664,217,31.2892601978,121.203429779,0.988484252252,1.17345041256
1509265604,31.28926899,121.20343664,217,31.2892601978,121.203429779,0.988484252252,1.17345041256
1509265605,31.2891929,121.20354576,215,31.2891781408,121.203534151,0.0834167524246,1.97476137236
1509265606,31.2891929,121.20354576,215,31.2891781408,121.203534151,0.0834167524246,1.97476137236
1509265607,31.28911317,121.20364114,215,31.2891021004,121.203633119,0.16663194266,1.44555473923
1509265608,31.28911317,121.20364114,215,31.2891021004,121.203633119,0.16663194266,1.44555473923
1509265609,31.28903761,121.20374043,215,31.2890289103,121.203734126,0.24978695471,1.13606638606
1509265610,31.28903761,121.20374043,215,31.2890289103,121.203734126,0.24978695471,1.13606638606
1509265611,31.28897443,121.20381044,215,31.2889738945,121.203810052,0.312293382231,0.0699356741858
1509265612,31.28897443,121.20381044,215,31.2889738945,121.203810052,0.312293382231,0.0699356741858
1509265613,31.2888986,121.20392124,215,31.2888951427,121.203918735,0.401767384264,0.451483357571
1509265614,31.2888986,121.20392124,215,31.2888951427,121.203918735,0.401767384264,0.451483357571
1509265615,31.28882895,121.20401813,215,31.2888251277,121.20401536,0.481315077328,0.499147662096
1509265616,31.28882895,121.20401813,215,31.2888251277,121.20401536,0.481315077328,0.499147662096
1509265617,31.28876208,121.20410396,215,31.2887613248,121.204103413,0.553804896061,0.0986240079812
1509265618,31.28876208,121.20410396,215,31.2887613248,121.204103413,0.553804896061,0.0986240079812
1509265620,31.28871822,121.20418673,215,31.2887068977,121.204178526,0.615642318846,1.47855173581
1509265621,31.28871822,121.20418673,215,31.2887068977,121.204178526,0.615642318846,1.47855173581
1509265622,31.28866079,121.20427331,215,31.2886459885,121.204262585,0.684844479161,1.93289723019
1509265623,31.28866079,121.20427331,215,31.2886459885,121.204262585,0.684844479161,1.93289723019
1509265624,31.28860886,121.20438192,215,31.2885765056,121.204358476,0.763787602208,4.22508773677
1509265625,31.28860886,121.20438192,215,31.2885765056,121.204358476,0.763787602208,4.22508773677
1509265626,31.28849388,121.20445501,215,31.2885021924,121.204461033,0.848218646063,1.08550411947
1509265627,31.28849388,121.20445501,215,31.2885021924,121.204461033,0.848218646063,1.08550411947
1509265628,31.28840453,121.20449866,215,31.2884506912,121.204532108,0.906731896863,6.02808930508
1509265629,31.28840453,121.20449866,215,31.2884506912,121.204532108,0.906731896863,6.02808930508
1509265630,31.28835125,121.20449614,200,31.2882877652,121.204549845,0.193099553382,8.70018894506
1509265631,31.28835125,121.20449614,200,31.2882877652,121.204549845,0.193099553382,8.70018894506
1509265632,31.28820859,121.20443899,200,31.2882000786,121.20444619,0.402566878091,1.16642873406
1509265633,31.28820859,121.20443899,200,31.2882000786,121.20444619,0.402566878091,1.16642873406
1509265634,31.28812399,121.20434584,200,31.2881154747,121.204355547,0.59433092048,1.32123913299
1509265635,31.28812399,121.20434584,200,31.2881154747,121.204355547,0.59433092048,1.32123913299
1509265636,31.28805003,121.20425331,200,31.2880271646,121.204283125,0.770630433875,3.80606002383
1509265638,31.28805003,121.20425331,200,31.2880271646,121.204283125,0.770630433875,3.80606002383
1509265639,31.28799136,121.20416309,200,31.2879479089,121.204228115,0.919537624946,7.84490311135
1509265640,31.28799136,121.20416309,200,31.2879479089,121.204228115,0.919537624946,7.84490311135
1509265641,31.28787963,121.20410471,202,31.2878503222,121.204187576,0.0207887714083,8.53312143873
1509265642,31.28787963,121.20410471,202,31.2878503222,121.204187576,0.0207887714083,8.53312143873
1509265643,31.28778981,121.20410355,202,31.2877782523,121.204171369,0.0494462897556,6.58331298503
1509265644,31.28778981,121.20410355,202,31.2877782523,121.204171369,0.0494462897556,6.58331298503
1509265645,31.28769632,121.20408816,202,31.28769632,121.2041626,0.081419577696,7.08786142972
1509265646,31.28769632,121.20408816,202,31.28769632,121.2041626,0.081419577696,7.08786142972
1509265647,31.28756456,121.20409385,202,31.28756456,121.2041626,0.132376285448,6.54609283821
1509265648,31.28756456,121.20409385,202,31.28756456,121.2041626,0.132376285448,6.54609283821
1509265649,31.28746292,121.20411139,202,31.2874762993,121.204176408,0.167053873309,6.36598849606
1509265650,31.28746292,121.20411139,202,31.2874762993,121.204176408,0.167053873309,6.36598849606
1509265651,31.28736875,121.20415124,202,31.2873780877,121.204196618,0.205831919227,4.4429941967
1509265653,31.28736875,121.20415124,202,31.2873780877,121.204196618,0.205831919227,4.4429941967
1509265654,31.28728918,121.20420183,202,31.2873045456,121.204232358,0.237509603052,3.36921823216
1509265656,31.2872058,121.20430115,202,31.2871974127,121.204287573,0.284138331029,1.59251410982
1509265657,31.2872058,121.20430115,202,31.2871974127,121.204287573,0.284138331029,1.59251410982
1509265658,31.28711138,121.20438563,202,31.2870925008,121.204363456,0.33435744464,2.97311851838
1509265659,31.28711138,121.20438563,202,31.2870925008,121.204363456,0.33435744464,2.97311851838
1509265660,31.28701104,121.20446765,202,31.2870105802,121.204467303,0.385618348621,0.060760051026
1509265661,31.28701104,121.20446765,202,31.2870105802,121.204467303,0.385618348621,0.060760051026
1509265662,31.28694596,121.20455904,202,31.2869430224,121.204556857,0.429002349418,0.386355393369
1509265663,31.28694596,121.20455904,202,31.2869430224,121.204556857,0.429002349418,0.386355393369
1509265664,31.28688087,121.20462935,202,31.2868862133,121.20463332,0.465841691196,0.70275322976
1509265665,31.28688087,121.20462935,202,31.2868862133,121.20463332,0.465841691196,0.70275322976
1509265666,31.28679475,121.20478295,202,31.2867820522,121.204773516,0.533387669262,1.6700251762
1509265667,31.28679475,121.20478295,202,31.2867820522,121.204773516,0.533387669262,1.6700251762
1509265668,31.28673623,121.204851,202,31.2867286617,121.204845377,0.568010096861,0.995383724286
1509265669,31.28673623,121.204851,202,31.2867286617,121.204845377,0.568010096861,0.995383724286
1509265671,31.28665302,121.20495049,202,31.2866514389,121.204949315,0.618087219875,0.207940911334
1509265672,31.28665302,121.20495049,202,31.2866514389,121.204949315,0.618087219875,0.207940911334
1509265673,31.28658912,121.20504318,202,31.2865843394,121.205039628,0.661599649116,0.628744324362
1509265674,31.28658912,121.20504318,202,31.2865843394,121.205039628,0.661599649116,0.628744324362
1509265675,31.28652969,121.20513666,202,31.2865184516,121.20512831,0.704326345213,1.47808719847
1509265676,31.28652969,121.20513666,202,31.2865184516,121.20512831,0.704326345213,1.47808719847
1509265677,31.28645988,121.20520967,202,31.2864586712,121.205208772,0.74309250205,0.158986628948
1509265678,31.28645988,121.20520967,202,31.2864586712,121.205208772,0.74309250205,0.158986628948
1509265679,31.28639521,121.20529892,202,31.2863929446,121.205297237,0.78571462776,0.297952066889
1509265680,31.28639521,121.20529892,202,31.2863929446,121.205297237,0.78571462776,0.297952066889
1509265681,31.28632847,121.20538172,202,31.2863295694,121.205382537,0.826811874979,0.144599343675
1509265682,31.28632847,121.20538172,202,31.2863295694,121.205382537,0.826811874979,0.144599343675
1509265683,31.28625794,121.20548405,202,31.286255497,121.205482235,0.87484607332,0.321305096853
1509265684,31.28625794,121.20548405,202,31.286255497,121.205482235,0.87484607332,0.321305096853
1509265685,31.28617376,121.20557631,202,31.2861813903,121.205581979,0.922902469818,1.00354873851
1509265686,31.28617376,121.20557631,202,31.2861813903,121.205581979,0.922902469818,1.00354873851
1509265687,31.28608996,121.20568676,202,31.286098711,121.205693262,0.976518049138,1.1509370648
1509265689,31.28608996,121.20568676,202,31.286098711,121.205693262,0.976518049138,1.1509370648
1509265690,31.28603582,121.20577369,254,31.286037695,121.205775095,0.164163118131,0.247225274797
1509265691,31.28603582,121.20577369,254,31.286037695,121.205775095,0.164163118131,0.247225274797
1509265692,31.28596035,121.20585538,254,31.2859713448,121.205863621,0.60327711749,1.44974303677
1509265693,31.28596035,121.20585538,254,31.2859713448,121.205863621,0.60327711749,1.44974303677
1509265694,31.28588295,121.20595409,228,31.2858965202,121.205963992,0.0194543545371,1.77559764299
1509265695,31.28588295,121.20595409,228,31.2858965202,121.205963992,0.0194543545371,1.77559764299
1509265696,31.28582195,121.20604664,228,31.2858312574,121.206053431,0.104781269204,1.21782848056
1509265697,31.28582195,121.20604664,228,31.2858312574,121.206053431,0.104781269204,1.21782848056
1509265698,31.28573513,121.20614788,228,31.2857528857,121.206160836,0.207247236752,2.32324482206
1509265699,31.28573513,121.20614788,228,31.2857528857,121.206160836,0.207247236752,2.32324482206
1509265700,31.28566259,121.2062584,228,31.2856750567,121.206267497,0.309003544015,1.63121228205
1509265701,31.28566259,121.2062584,228,31.2856750567,121.206267497,0.309003544015,1.63121228205
1509265702,31.28560512,121.20637644,228,31.2855988831,121.206371889,0.408595638347,0.816069555685
1509265703,31.28560512,121.20637644,228,31.2855988831,121.206371889,0.408595638347,0.816069555685
1509265704,31.28551329,121.20649003,228,31.2855128901,121.206489738,0.52102593311,0.0523264447303
1509265705,31.28551329,121.20649003,228,31.2855128901,121.206489738,0.52102593311,0.0523264447303
1509265707,31.28543129,121.20660674,228,31.285427931,121.206604238,0.63090546606,0.442132205977
1509265708,31.28543129,121.20660674,228,31.285427931,121.206604238,0.63090546606,0.442132205977
1509265709,31.28537875,121.20670473,228,31.2853622314,121.206692423,0.715654589046,2.17427381112
1509265710,31.28537875,121.20670473,228,31.2853622314,121.206692423,0.715654589046,2.17427381112
1509265711,31.28530382,121.2067976,228,31.2852909931,121.206788044,0.807548374946,1.68834801066
1509265712,31.28530382,121.2067976,228,31.2852909931,121.206788044,0.807548374946,1.68834801066
1509265713,31.28520778,121.20689767,228,31.2852087706,121.206898408,0.913611331586,0.13038644977
1509265714,31.28520778,121.20689767,228,31.2852087706,121.206898408,0.913611331586,0.13038644977
1509265715,31.2851755,121.2069459,228,31.2851741422,121.206944888,0.958280256795,0.17872817887
1509265716,31.2851755,121.2069459,228,31.2851741422,121.206944888,0.958280256795,0.17872817887
1509265717,31.28509734,121.20706771,230,31.2850881472,121.207060918,0.0913549623446,1.20710357774
1509265718,31.28509734,121.20706771,230,31.2850881472,121.207060918,0.0913549623446,1.20710357774
1509265719,31.28503416,121.20717511,230,31.2850145066,121.207160589,0.216743441487,2.58069371333
1509265720,31.28503416,121.20717511,230,31.2850145066,121.207160589,0.216743441487,2.58069371333
1509265721,31.284954,121.2072227,230,31.2849634555,121.207229686,0.303668464975,1.24160463027
1509265722,31.284954,121.2072227,230,31.2849634555,121.207229686,0.303668464975,1.24160463027
1509265723,31.28488134,121.20729016,230,31.2849055562,121.207308052,0.402254075177,3.17983137295
1509265725,31.28488134,121.20729016,230,31.2849055562,121.207308052,0.402254075177,3.17983137295
1509265726,31.28483199,121.2073661,230,31.2848518351,121.207380762,0.493725330986,2.60586593226
1509265727,31.28483199,121.2073661,230,31.2848518351,121.207380762,0.493725330986,2.60586593226
1509265728,31.28478426,121.20745,230,31.2847948817,121.207457848,0.590700321351,1.39473801704
1509265729,31.28478426,121.20745,230,31.2847948817,121.207457848,0.590700321351,1.39473801704
1509265730,31.28467399,121.20757804,230,31.2846947481,121.207593377,0.761198614074,2.72574563536
1509265731,31.28467399,121.20757804,230,31.2846947481,121.207593377,0.761198614074,2.72574563536
1509265732,31.28463933,121.20760323,230,31.2846704697,121.207626237,0.802537551427,4.08896219577
1509265733,31.28463933,121.20760323,230,31.2846704697,121.207626237,0.802537551427,4.08896219577
1509265734,31.28457047,121.20766867,230,31.2846148777,121.20770148,0.897194529462,5.83118237495
1509265735,31.28457047,121.20766867,230,31.2846148777,121.20770148,0.897194529462,5.83118237495
1509265736,31.2845019,121.20777641,332,31.2845201307,121.207754544,0.227347962317,2.90182486671
1509265737,31.2845019,121.20777641,332,31.2845201307,121.207754544,0.227347962317,2.90182486671
1509265738,31.2844504,121.2078677,334,31.2843631431,121.207767875,0.154556821064,13.5627140224
1509265740,31.2844504,121.2078677,334,31.2843631431,121.207767875,0.154556821064,13.5627140224
1509265741,31.28438725,121.20796063,336,31.2843282514,121.208000469,0.81088728923,7.56178939725
1509265742,31.28438725,121.20796063,336,31.2843282514,121.208000469,0.81088728923,7.56178939725
1509265743,31.28432288,121.20805361,304,31.2843286986,121.208057936,0.0342793574403,0.765429139079
1509265744,31.28432288,121.20805361,304,31.2843286986,121.208057936,0.0342793574403,0.765429139079
1509265745,31.2842406,121.20815568,304,31.2842505342,121.208163066,0.16757464145,1.30683858202
1509265746,31.2842406,121.20815568,304,31.2842505342,121.208163066,0.16757464145,1.30683858202
1509265747,31.28417397,121.20824091,304,31.2841860045,121.208249858,0.277618477192,1.58313066908
1509265748,31.28417397,121.20824091,304,31.2841860045,121.208249858,0.277618477192,1.58313066908
1509265749,31.28413835,121.20831924,304,31.2841358182,121.208317358,0.363202239862,0.333055136856
1509265750,31.28413835,121.20831924,304,31.2841358182,121.208317358,0.363202239862,0.333055136856
1509265751,31.28409204,121.20841145,304,31.2840751803,121.208398915,0.466609324348,2.21787965254
1509265752,31.28409204,121.20841145,304,31.2840751803,121.208398915,0.466609324348,2.21787965254
1509265753,31.28396665,121.20853205,304,31.2839727963,121.20853662,0.641206805812,0.808544425599
1509265754,31.28396665,121.20853205,304,31.2839727963,121.20853662,0.641206805812,0.808544425599
1509265755,31.28393554,121.20861086,304,31.2839239857,121.208602269,0.724444509545,1.51995342659
1509265756,31.28393554,121.20861086,304,31.2839239857,121.208602269,0.724444509545,1.51995342659
1509265758,31.28390549,121.20867043,304,31.2838847649,121.208655021,0.791328589597,2.72636811139
1509265759,31.28390549,121.20867043,304,31.2838847649,121.208655021,0.791328589597,2.72636811139
1509265760,31.28387307,121.20877814,304,31.2838216502,121.208739909,0.898959403841,6.76423319467
1509265761,31.28387307,121.20877814,304,31.2838216502,121.208739909,0.898959403841,6.76423319467
1509265762,31.28390527,121.20881638,329,31.2838462419,121.208888358,0.132869405557,9.47661624904
1509265763,31.28390527,121.20881638,329,31.2838462419,121.208888358,0.132869405557,9.47661624904
1509265764,31.28395063,121.20886583,329,31.2839070851,121.208930383,0.223523784411,7.81615259864
1509265765,31.28395063,121.20886583,329,31.2839070851,121.208930383,0.223523784411,7.81615259864
1509265766,31.28398658,121.20891153,329,31.2839529793,121.208961342,0.29136099757,6.0312084619
1509265767,31.28398658,121.20891153,329,31.2839529793,121.208961342,0.29136099757,6.0312084619
1509265768,31.28400876,121.20893163,329,31.2839775414,121.20897791,0.327666877029,5.60361920261
1509265769,31.28400876,121.20893163,329,31.2839775414,121.20897791,0.327666877029,5.60361920261
1509265770,31.28395947,121.20890747,329,31.2839324651,121.208947504,0.261038493338,4.84728790734
1509265771,31.28395947,121.20890747,329,31.2839324651,121.208947504,0.261038493338,4.84728790734
1509265772,31.28393011,121.20888776,329,31.2839031491,121.208927728,0.217705894395,4.83938584133
1509265773,31.28393011,121.20888776,329,31.2839031491,121.208927728,0.217705894395,4.83938584133
1509265774,31.28393011,121.20888776,329,31.2839031491,121.208927728,0.217705894395,4.83938584133
1509265776,31.28393792,121.20886855,329,31.2838996108,121.208925342,0.212475948736,6.87635248369
1509265777,31.28393792,121.20886855,329,31.2838996108,121.208925342,0.212475948736,6.87635248369
1509265778,31.28396172,121.20887058,329,31.2839169091,121.20893701,0.238044825781,8.04339862844
1509265779,31.28396172,121.20887058,329,31.2839169091,121.20893701,0.238044825781,8.04339862844
1509265780,31.2839663,121.20887618,329,31.283922653,121.208940885,0.246535004345,7.83448378138
1509265781,31.2839663,121.20887618,329,31.283922653,121.208940885,0.246535004345,7.83448378138
1509265782,31.28395504,121.2088839,329,31.2839184933,121.208938079,0.240386504586,6.56000079533
1509265783,31.28395504,121.2088839,329,31.2839184933,121.208938079,0.240386504586,6.56000079533
1509265784,31.28395758,121.20888217,329,31.2839194369,121.208938715,0.241781317044,6.84654183935
1509265785,31.28395758,121.20888217,329,31.2839194369,121.208938715,0.241781317044,6.84654183935
1509265786,31.28396071,121.20888035,329,31.2839207443,121.208939597,0.243713821193,7.17369090753
1509265787,31.28396071,121.20888035,329,31.2839207443,121.208939597,0.243713821193,7.17369090753
1509265788,31.28396558,121.20887811,329,31.2839230529,121.208941155,0.247126134573,7.63346234993
1509265790,31.28396558,121.20887811,329,31.2839230529,121.208941155,0.247126134573,7.63346234993
1509265791,31.28397013,121.20887836,329,31.2839262959,121.208943342,0.25191967537,7.8680651293
Time_cost 17.8250000477
