1509265999,31.28397338,121.20887596,329,31.2839274169,121.208944098,0.253576631317,8.25021500726
1509266000,31.28397338,121.20887596,329,31.2839274169,121.208944098,0.253576631317,8.25021500726
1509266001,31.28398448,121.20887348,329,31.2839338958,121.208948469,0.263153373839,9.07966855884
1509266002,31.28398448,121.20887348,329,31.2839338958,121.208948469,0.263153373839,9.07966855884
1509266003,31.28398934,121.2088685,329,31.2839349272,121.208949165,0.264677905566,9.7668883485
1509266004,31.28398934,121.2088685,329,31.2839349272,121.208949165,0.264677905566,9.7668883485
1509266006,31.2839932,121.20886794,329,31.2839373205,121.208950779,0.268215429866,10.0301634207
1509266007,31.28399679,121.20887065,329,31.2839410442,121.208953291,0.273719481063,10.0061686388
1509266008,31.28399679,121.20887065,329,31.2839410442,121.208953291,0.273719481063,10.0061686388
1509266010,31.28399764,121.20887368,329,31.2839430331,121.208954632,0.276659323057,9.80173974674
1509266011,31.28399764,121.20887368,329,31.2839430331,121.208954632,0.276659323057,9.80173974674
1509266012,31.28399488,121.20887595,329,31.2839421886,121.208954063,0.275411060879,9.45791323855
1509266013,31.28399488,121.20887595,329,31.2839421886,121.208954063,0.275411060879,9.45791323855
1509266014,31.28399324,121.20887862,329,31.2839422993,121.208954137,0.275574682639,9.14366992296
1509266015,31.28399324,121.20887862,329,31.2839422993,121.208954137,0.275574682639,9.14366992296
1509266016,31.28399064,121.20887846,329,31.2839404382,121.208952882,0.272823769088,9.0110377756
1509266017,31.28399064,121.20887846,329,31.2839404382,121.208952882,0.272823769088,9.0110377756
1509266018,31.28398633,121.20888063,329,31.2839384821,121.208951562,0.269932376454,8.58852614872
1509266019,31.28398633,121.20888063,329,31.2839384821,121.208951562,0.269932376454,8.58852614872
1509266020,31.28398049,121.20888367,329,31.2839358778,121.208949806,0.266082876773,8.00773326912
1509266021,31.28398049,121.20888367,329,31.2839358778,121.208949806,0.266082876773,8.00773326912
1509266022,31.28397822,121.20888485,329,31.2839348647,121.208949122,0.264585455055,7.7821166592
1509266023,31.28397822,121.20888485,329,31.2839348647,121.208949122,0.264585455055,7.7821166592
1509266024,31.28397832,121.20888536,329,31.2839351699,121.208949328,0.265036526966,7.74529021365
1509266025,31.28397886,121.20888569,329,31.283935694,121.208949682,0.265811235779,7.74814117016
1509266027,31.28397886,121.20888569,329,31.283935694,121.208949682,0.265811235779,7.74814117016
1509266028,31.28397886,121.20888569,329,31.283935694,121.208949682,0.265811235779,7.74814117016
1509266029,31.28397909,121.20888592,329,31.2839359587,121.20894986,0.266202497385,7.74191232492
1509266030,31.28397909,121.20888592,329,31.2839359587,121.20894986,0.266202497385,7.74191232492
1509266031,31.2839791,121.20888613,329,31.2839360629,121.208949931,0.266356561529,7.72499845755
1509266032,31.2839791,121.20888613,329,31.2839360629,121.208949931,0.266356561529,7.72499845755
1509266033,31.28397849,121.20888626,329,31.2839357039,121.208949688,0.265825962937,7.67993915253
1509266034,31.28397849,121.20888626,329,31.2839357039,121.208949688,0.265825962937,7.67993915253
1509266035,31.28397778,121.20888618,329,31.2839351789,121.208949334,0.265049871577,7.64674172085
1509266036,31.28397778,121.20888618,329,31.2839351789,121.208949334,0.265049871577,7.64674172085
1509266037,31.28397744,121.20888612,329,31.2839349174,121.208949158,0.264663358733,7.63264930788
1509266038,31.28397744,121.20888612,329,31.2839349174,121.208949158,0.264663358733,7.63264930788
1509266039,31.28397676,121.20888558,329,31.2839341997,121.208948674,0.263602522216,7.63941489012
1509266040,31.28397676,121.20888558,329,31.2839341997,121.208948674,0.263602522216,7.63941489012
1509266041,31.28397778,121.20888644,329,31.2839352994,121.208949416,0.265228040181,7.6251057548
1509266042,31.28397778,121.20888644,329,31.2839352994,121.208949416,0.265228040181,7.6251057548
1509266043,31.28397825,121.20888685,329,31.2839358125,121.208949762,0.265986458943,7.61737016082
1509266045,31.28397825,121.20888685,329,31.2839358125,121.208949762,0.265986458943,7.61737016082
1509266046,31.28397729,121.20888793,329,31.2839356534,121.208949654,0.265751305247,7.47360971055
1509266047,31.28397729,121.20888793,329,31.2839356534,121.208949654,0.265751305247,7.47360971055
1509266048,31.28397654,121.20888881,329,31.2839355459,121.208949582,0.265592432238,7.35828030646
1509266049,31.28397654,121.20888881,329,31.2839355459,121.208949582,0.265592432238,7.35828030646
1509266050,31.28397655,121.2088888,329,31.2839355482,121.208949583,0.265595738327,7.35967379174
1509266051,31.28397655,121.2088888,329,31.2839355482,121.208949583,0.265595738327,7.35967379174
1509266052,31.28397655,121.2088888,329,31.2839355482,121.208949583,0.265595738327,7.35967379174
1509266053,31.28397655,121.2088888,329,31.2839355482,121.208949583,0.265595738327,7.35967379174
1509266054,31.28397655,121.2088888,329,31.2839355482,121.208949583,0.265595738327,7.35967379174
1509266055,31.28397655,121.2088888,329,31.2839355482,121.208949583,0.265595738327,7.35967379174
1509266056,31.28397809,121.20888842,329,31.2839364304,121.208950179,0.266899783398,7.47774089048
1509266057,31.28397809,121.20888842,329,31.2839364304,121.208950179,0.266899783398,7.47774089048
1509266058,31.28400747,121.20888753,329,31.2839562099,121.208963521,0.296136264664,9.20099896369
1509266059,31.28400747,121.20888753,329,31.2839562099,121.208963521,0.296136264664,9.20099896369
1509266060,31.28410403,121.20890105,329,31.2840536978,121.209014228,0.431260887636,12.13598469
1509266061,31.28410403,121.20890105,329,31.2840536978,121.209014228,0.431260887636,12.13598469
1509266063,31.28452228,121.20920233,327,31.2845040889,121.209097683,0.0001,10.1664707866
1509266064,31.28452228,121.20920233,327,31.2845040889,121.209097683,0.0001,10.1664707866
1509266065,31.28455607,121.20921469,327,31.2845333063,121.209092251,0.0329481196237,11.9286120446
1509266066,31.28455607,121.20921469,327,31.2845333063,121.209092251,0.0329481196237,11.9286120446
1509266067,31.28456547,121.20915416,327,31.2845532699,121.20908854,0.0553926405949,6.3930311762
1509266068,31.28456547,121.20915416,327,31.2845532699,121.20908854,0.0553926405949,6.3930311762
1509266069,31.28467871,121.20913701,327,31.2846658084,121.209067617,0.181916221786,6.7606187406
1509266070,31.28467871,121.20913701,327,31.2846658084,121.209067617,0.181916221786,6.7606187406
1509266071,31.28475226,121.20903308,327,31.2847547695,121.209038847,0.285915912422,0.615578850768
1509266072,31.28475226,121.20903308,327,31.2847547695,121.209038847,0.285915912422,0.615578850768
1509266073,31.28487082,121.2089512,327,31.2848877967,121.208974778,0.449671163751,2.92969310561
1509266074,31.28487082,121.2089512,327,31.2848877967,121.208974778,0.449671163751,2.92969310561
1509266075,31.28492305,121.20891864,327,31.2849376332,121.208938893,0.517550797086,2.51663807732
1509266076,31.28492305,121.20891864,327,31.2849376332,121.208938893,0.517550797086,2.51663807732
1509266078,31.28492305,121.20891864,327,31.2849376332,121.208938893,0.517550797086,2.51663807732
1509266080,31.28505257,121.20884087,327,31.2850598083,121.208850923,0.683959038134,1.24911533919
1509266081,31.28510061,121.20873637,327,31.2851393983,121.20877466,0.80603650174,5.63810103535
1509266082,31.28510061,121.20873637,327,31.2851393983,121.20877466,0.80603650174,5.63810103535
1509266083,31.28511664,121.20871411,327,31.2851584388,121.208755372,0.835994228702,6.07569420689
1509266084,31.28511664,121.20871411,327,31.2851584388,121.208755372,0.835994228702,6.07569420689
1509266085,31.28516307,121.20865501,327,31.285210885,121.208702248,0.918508161666,6.95246451314
1509266086,31.28516307,121.20865501,327,31.285210885,121.208702248,0.918508161666,6.95246451314
1509266087,31.28522541,121.2085662,325,31.2852891027,121.208599902,0.261931859567,7.75682109577
1509266088,31.28522541,121.2085662,325,31.2852891027,121.208599902,0.261931859567,7.75682109577
1509266089,31.28525764,121.2085005,325,31.2853233125,121.20853525,0.601314678799,7.99792920938
1509266090,31.28525764,121.2085005,325,31.2853233125,121.20853525,0.601314678799,7.99792920938
1509266091,31.28529033,121.20842366,325,31.2853622281,121.208461704,0.987382028589,8.75611215588
1509266092,31.28529033,121.20842366,325,31.2853622281,121.208461704,0.987382028589,8.75611215588
1509266093,31.28535799,121.20829028,323,31.2854229689,121.208317563,0.222546367468,7.65855859031
1509266095,31.28535799,121.20829028,323,31.2854229689,121.208317563,0.222546367468,7.65855859031
1509266096,31.28535799,121.20829028,323,31.2854229689,121.208317563,0.222546367468,7.65855859031
1509266097,31.28544913,121.20815315,323,31.2854550518,121.208154045,0.464895845765,0.662073278457
1509266098,31.28544913,121.20815315,323,31.2854550518,121.208154045,0.464895845765,0.662073278457
1509266099,31.28549179,121.20809648,323,31.2854643727,121.208092339,0.555250984573,3.06534552702
1509266100,31.28549179,121.20809648,323,31.2854643727,121.208092339,0.555250984573,3.06534552702
1509266101,31.28551314,121.20792805,323,31.2854782,121.20792805,0.794621151103,3.87395098245
1509266102,31.28551314,121.20792805,323,31.2854782,121.20792805,0.794621151103,3.87395098245
1509266103,31.28555808,121.20783682,323,31.2854782,121.20783682,0.926709359676,8.85664583652
1509266104,31.28555808,121.20783682,323,31.2854782,121.20783682,0.926709359676,8.85664583652
1509266105,31.28552075,121.2077348,321,31.2854680645,121.207749253,0.0439341065533,6.00138510286
1509266106,31.28552075,121.2077348,321,31.2854680645,121.207749253,0.0439341065533,6.00138510286
1509266107,31.2855054,121.2076082,321,31.2854346914,121.207627597,0.188596011446,8.05439019514
1509266108,31.2855054,121.2076082,321,31.2854346914,121.207627597,0.188596011446,8.05439019514
1509266109,31.28543636,121.20747818,321,31.2853969045,121.207492983,0.348971095327,4.59605971941
1509266110,31.28543636,121.20747818,321,31.2853969045,121.207492983,0.348971095327,4.59605971941
1509266111,31.28543772,121.2074182,321,31.2853773461,121.207440851,0.41282187988,7.0327853572
1509266112,31.28543772,121.2074182,321,31.2853773461,121.207440851,0.41282187988,7.0327853572
1509266114,31.28545565,121.20729498,321,31.2853390338,121.207338731,0.537896888071,13.5842865363
1509266115,31.28545565,121.20729498,321,31.2853390338,121.207338731,0.537896888071,13.5842865363
1509266116,31.28549217,121.20716462,321,31.2853121562,121.207272518,0.620012834909,22.4479590873
1509266117,31.28549217,121.20716462,321,31.2853121562,121.207272518,0.620012834909,22.4479590873
1509266118,31.28550655,121.2070424,321,31.2852620624,121.207188943,0.731749416045,30.487937794
1509266119,31.28550655,121.2070424,321,31.2852620624,121.207188943,0.731749416045,30.487937794
1509266120,31.28551962,121.20691004,229,31.2853141494,121.206756962,0.222322071404,27.0453173597
1509266121,31.28551962,121.20691004,229,31.2853141494,121.206756962,0.222322071404,27.0453173597
1509266122,31.2855289,121.20679895,229,31.2853706843,121.206681077,0.29524921133,20.8253331496
1509266123,31.2855289,121.20679895,229,31.2853706843,121.206681077,0.29524921133,20.8253331496
1509266124,31.28551372,121.20660345,229,31.285458929,121.20656263,0.409080404167,7.21191810436
1509266125,31.28551372,121.20660345,229,31.285458929,121.20656263,0.409080404167,7.21191810436
1509266127,31.28550599,121.20651175,229,31.2855000115,121.206507388,0.462136203909,0.782252907319
1509266128,31.28563362,121.20642003,229,31.2855880296,121.206386763,0.577214063952,5.96529493649
1509266129,31.28563362,121.20642003,229,31.2855880296,121.206386763,0.577214063952,5.96529493649
1509266131,31.28564726,121.20634998,229,31.2856261237,121.206334557,0.627019683093,2.76558592672
1509266132,31.28564726,121.20634998,229,31.2856261237,121.206334557,0.627019683093,2.76558592672
1509266133,31.28564202,121.20631521,229,31.2856408591,121.206314363,0.646285310278,0.151894412262
1509266134,31.28564202,121.20631521,229,31.2856408591,121.206314363,0.646285310278,0.151894412262
1509266135,31.28568016,121.20622768,229,31.285695789,121.206239084,0.718102544811,2.0449789457
1509266136,31.28568016,121.20622768,229,31.285695789,121.206239084,0.718102544811,2.0449789457
1509266137,31.28571873,121.20615813,229,31.2857423069,121.206175334,0.778921710237,3.08492569981
1509266138,31.28571873,121.20615813,229,31.2857423069,121.206175334,0.778921710237,3.08492569981
1509266139,31.28575679,121.20609484,229,31.2857856669,121.206115911,0.835612053686,3.7783999022
1509266140,31.28575679,121.20609484,229,31.2857856669,121.206115911,0.835612053686,3.7783999022
1509266141,31.28578428,121.20602158,229,31.2858301016,121.206055015,0.893707616779,5.99553932638
1509266142,31.28578428,121.20602158,229,31.2858301016,121.206055015,0.893707616779,5.99553932638
1509266143,31.28578373,121.20597439,229,31.2858523805,121.206024483,0.922835784789,8.9825863779
1509266144,31.28578373,121.20597439,229,31.2858523805,121.206024483,0.922835784789,8.9825863779
1509266146,31.28580607,121.20589023,229,31.285900216,121.205958927,0.985377651535,12.3185539794
1509266148,31.28580607,121.20589023,229,31.285900216,121.205958927,0.985377651535,12.3185539794
1509266149,31.28588887,121.20578778,255,31.2859780758,121.20585464,0.441269346386,11.762394347
1509266150,31.28588887,121.20578778,255,31.2859780758,121.20585464,0.441269346386,11.762394347
1509266151,31.28595627,121.20569304,255,31.286047786,121.205761632,0.90262092512,12.0670106495
1509266152,31.28595627,121.20569304,255,31.286047786,121.205761632,0.90262092512,12.0670106495
1509266153,31.28599333,121.20566189,203,31.2860762482,121.205723496,0.00891538678487,10.905484692
1509266154,31.28599333,121.20566189,203,31.2860762482,121.205723496,0.00891538678487,10.905484692
1509266155,31.2860748,121.20555455,203,31.2861566101,121.205615332,0.0610281108555,10.759735582
1509266156,31.2860748,121.20555455,203,31.2861566101,121.205615332,0.0610281108555,10.759735582
1509266157,31.28612474,121.20545648,203,31.2862213199,121.205528236,0.102990898428,12.7022785723
1509266158,31.28612474,121.20545648,203,31.2862213199,121.205528236,0.102990898428,12.7022785723
1509266159,31.28616766,121.20542116,203,31.2862534935,121.205484932,0.123854719828,11.2889036143
1509266160,31.28616766,121.20542116,203,31.2862534935,121.205484932,0.123854719828,11.2889036143
1509266161,31.28622624,121.20535386,203,31.2863065463,121.205413525,0.158258159187,10.5619536752
1509266162,31.28622624,121.20535386,203,31.2863065463,121.205413525,0.158258159187,10.5619536752
1509266164,31.28622624,121.20535386,203,31.2863065463,121.205413525,0.158258159187,10.5619536752
1509266165,31.28654415,121.20509514,203,31.2865434709,121.205094635,0.311898057934,0.0893222851945
1509266166,31.28654415,121.20509514,203,31.2865434709,121.205094635,0.311898057934,0.0893222851945
1509266167,31.2865762,121.20503355,203,31.2865843542,121.205039608,0.33840993089,1.0724469625
1509266168,31.2865762,121.20503355,203,31.2865843542,121.205039608,0.33840993089,1.0724469625
1509266169,31.2866176,121.20493307,203,31.2866471803,121.204955047,0.379151171395,3.8904279359
1509266170,31.2866176,121.20493307,203,31.2866471803,121.204955047,0.379151171395,3.8904279359
1509266171,31.28672382,121.20486219,203,31.286718891,121.204858528,0.425653837821,0.648261291585
1509266172,31.28672382,121.20486219,203,31.286718891,121.204858528,0.425653837821,0.648261291585
1509266173,31.2867461,121.20483292,203,31.2867408274,121.204829003,0.439879036159,0.693458013148
1509266174,31.2867461,121.20483292,203,31.2867408274,121.204829003,0.439879036159,0.693458013148
1509266175,31.28681582,121.20471334,203,31.2868228696,121.204718578,0.493081430858,0.927165446437
1509266176,31.28681582,121.20471334,203,31.2868228696,121.204718578,0.493081430858,0.927165446437
1509266177,31.28686463,121.20459507,203,31.2868968476,121.204619007,0.541054394441,4.23727812995
1509266178,31.28686463,121.20459507,203,31.2868968476,121.204619007,0.541054394441,4.23727812995
1509266179,31.2868962,121.20455789,203,31.2869258748,121.204579937,0.559877820221,3.90284360991
1509266180,31.2868962,121.20455789,203,31.2869258748,121.204579937,0.559877820221,3.90284360991
1509266182,31.28692653,121.20450104,203,31.2869638315,121.204529209,0.584380670139,4.92934382877
1509266183,31.28692653,121.20450104,203,31.2869638315,121.204529209,0.584380670139,4.92934382877
1509266184,31.28696973,121.20443455,203,31.2870114961,121.20446609,0.614969392059,5.51932660352
1509266185,31.28696973,121.20443455,203,31.2870114961,121.20446609,0.614969392059,5.51932660352
1509266186,31.28710883,121.20440968,203,31.2870739726,121.204383357,0.65506368898,4.6063614125
1509266187,31.28710883,121.20440968,203,31.2870739726,121.204383357,0.65506368898,4.6063614125
1509266188,31.28719715,121.2043591,203,31.2871652415,121.204307446,0.701237339427,6.05856696431
1509266189,31.28719715,121.2043591,203,31.2871652415,121.204307446,0.701237339427,6.05856696431
1509266190,31.28736119,121.20429802,203,31.287323371,121.204222883,0.770641095025,8.29256477425
1509266191,31.28736119,121.20429802,203,31.287323371,121.204222883,0.770641095025,8.29256477425
1509266192,31.28739735,121.20427561,203,31.2873612215,121.204203831,0.78702903734,7.9218842259
1509266193,31.28739735,121.20427561,203,31.2873612215,121.204203831,0.78702903734,7.9218842259
1509266194,31.28746995,121.20424242,203,31.2874571759,121.204180343,0.825395419821,6.07803923667
1509266195,31.28746995,121.20424242,203,31.2874571759,121.204180343,0.825395419821,6.07803923667
1509266196,31.28753586,121.20422841,203,31.2875231742,121.204166762,0.851454318083,6.03603258285
1509266197,31.28753586,121.20422841,203,31.2875231742,121.204166762,0.851454318083,6.03603258285
1509266198,31.28753586,121.20422841,203,31.2875231742,121.204166762,0.851454318083,6.03603258285
1509266200,31.28771199,121.20419599,203,31.28771199,121.2041626,0.924640619712,3.17925381475
1509266201,31.28771199,121.20419599,203,31.28771199,121.2041626,0.924640619712,3.17925381475
1509266202,31.28789019,121.20420633,203,31.2878916528,121.204202194,0.996165630269,0.425890253889
1509266203,31.28789019,121.20420633,203,31.2878916528,121.204202194,0.996165630269,0.425890253889
1509266204,31.28797227,121.2042851,201,31.2879910744,121.204256959,0.16055931803,3.39505426515
1509266205,31.28797227,121.2042851,201,31.2879910744,121.204256959,0.16055931803,3.39505426515
1509266206,31.28804802,121.20432994,201,31.2880629033,121.204310533,0.298856290422,2.47739603606
1509266207,31.28804802,121.20432994,201,31.2880629033,121.204310533,0.298856290422,2.47739603606
1509266208,31.28811017,121.20437996,201,31.2881245792,121.204363534,0.424354456923,2.23573822626
1509266209,31.28811017,121.20437996,201,31.2881245792,121.204363534,0.424354456923,2.23573822626
1509266210,31.28814912,121.20442634,201,31.2881690348,121.204409493,0.52327500393,2.729198566
1509266211,31.28814912,121.20442634,201,31.2881690348,121.204409493,0.52327500393,2.729198566
1509266212,31.28819357,121.20447495,201,31.2882115447,121.204459744,0.624823529733,2.46332553931
1509266213,31.28819357,121.20447495,201,31.2882115447,121.204459744,0.624823529733,2.46332553931
1509266214,31.28825795,121.20454364,201,31.2882722691,121.204531527,0.769882932121,1.96233945421
1509266215,31.28825795,121.20454364,201,31.2882722691,121.204531527,0.769882932121,1.96233945421
1509266216,31.28831161,121.2046076,201,31.2883261896,121.204595266,0.898689170834,1.9980372462
1509266218,31.28831161,121.2046076,201,31.2883261896,121.204595266,0.898689170834,1.9980372462
1509266219,31.28837382,121.20473636,199,31.2884152515,121.204702524,0.0544612100666,5.61080255615
1509266220,31.28837382,121.20473636,199,31.2884152515,121.204702524,0.0544612100666,5.61080255615
1509266221,31.28844356,121.20483096,199,31.2884895006,121.204793442,0.141140132906,6.22144881151
1509266222,31.28844356,121.20483096,199,31.2884895006,121.204793442,0.141140132906,6.22144881151
1509266223,31.28850125,121.20489819,199,31.2885455195,121.204862037,0.206536948008,5.99514280078
1509266224,31.28850125,121.20489819,199,31.2885455195,121.204862037,0.206536948008,5.99514280078
1509266225,31.28860524,121.20499114,199,31.2886326637,121.204968744,0.308269603614,3.71382136043
1509266226,31.28860524,121.20499114,199,31.2886326637,121.204968744,0.308269603614,3.71382136043
1509266227,31.28862849,121.20502558,199,31.2886588388,121.205000795,0.338826554588,4.1099463892
1509266228,31.28862849,121.20502558,199,31.2886588388,121.205000795,0.338826554588,4.1099463892
1509266229,31.28867911,121.20508709,199,31.2887092267,121.205062495,0.397649668863,4.07851113292
1509266230,31.28867911,121.20508709,199,31.2887092267,121.205062495,0.397649668863,4.07851113292
1509266231,31.28874192,121.20514652,199,31.2887634728,121.205128919,0.460976842954,2.91875108166
1509266233,31.28874192,121.20514652,199,31.2887634728,121.205128919,0.460976842954,2.91875108166
1509266234,31.28881279,121.20519629,199,31.288816211,121.205193496,0.522543789345,0.463285106422
1509266235,31.28881279,121.20519629,199,31.288816211,121.205193496,0.522543789345,0.463285106422
1509266236,31.28892554,121.20528228,199,31.2889034502,121.20530032,0.624387392067,2.99147137356
1509266237,31.28892554,121.20528228,199,31.2889034502,121.20530032,0.624387392067,2.99147137356
1509266238,31.28895899,121.20530145,199,31.2889262253,121.205328208,0.650975115922,4.43711022481
1509266239,31.28895899,121.20530145,199,31.2889262253,121.205328208,0.650975115922,4.43711022481
1509266240,31.2890273,121.20534614,199,31.2889754505,121.205388484,0.708440920823,7.02163678494
1509266241,31.2890273,121.20534614,199,31.2889754505,121.205388484,0.708440920823,7.02163678494
1509266242,31.28905623,121.2053982,199,31.2890125305,121.205433888,0.751728341703,5.91793474147
1509266243,31.28905623,121.2053982,199,31.2890125305,121.205433888,0.751728341703,5.91793474147
1509266244,31.28910188,121.20547751,199,31.2890696504,121.205503831,0.818410492753,4.36463710749
1509266245,31.28915624,121.20557465,199,31.2891389905,121.205588737,0.899358466192,2.33598998789
1509266246,31.28915624,121.20557465,199,31.2891389905,121.205588737,0.899358466192,2.33598998789
1509266247,31.28919594,121.20562573,199,31.2891798994,121.20563883,0.947115822821,2.17226942217
1509266248,31.28919594,121.20562573,199,31.2891798994,121.20563883,0.947115822821,2.17226942217
1509266249,31.28926245,121.20570422,197,31.2892530333,121.205716192,0.360068879762,1.54580146338
1509266251,31.28926245,121.20570422,197,31.2892530333,121.205716192,0.360068879762,1.54580146338
1509266252,31.28936218,121.20582338,195,31.2893750411,121.205804491,0.0718513308609,2.29523800421
1509266253,31.28936218,121.20582338,195,31.2893750411,121.205804491,0.0718513308609,2.29523800421
1509266254,31.28942522,121.2058708,195,31.2894401738,121.205848837,0.136364662073,2.66870025861
1509266255,31.28942522,121.2058708,195,31.2894401738,121.205848837,0.136364662073,2.66870025861
1509266256,31.28948811,121.20591441,195,31.2895034315,121.205891907,0.199020898706,2.73432668085
1509266257,31.28948811,121.20591441,195,31.2895034315,121.205891907,0.199020898706,2.73432668085
1509266258,31.2895293,121.20597519,195,31.2895598501,121.20593032,0.25490304495,5.45207517397
1509266259,31.2895293,121.20597519,195,31.2895598501,121.20593032,0.25490304495,5.45207517397
1509266260,31.28961135,121.20607379,195,31.2896617807,121.205999721,0.355864445608,9.00003335153
1509266261,31.28961135,121.20607379,195,31.2896617807,121.205999721,0.355864445608,9.00003335153
1509266262,31.28966525,121.20610101,195,31.2897112713,121.206033418,0.404884376359,8.21310096762
1509266263,31.28966525,121.20610101,195,31.2897112713,121.206033418,0.404884376359,8.21310096762
1509266264,31.28970173,121.20612021,195,31.2897451285,121.20605647,0.438419650387,7.74502828247
1509266266,31.28970173,121.20612021,195,31.2897451285,121.20605647,0.438419650387,7.74502828247
1509266267,31.28976139,121.20615589,195,31.2898024902,121.206095525,0.495235944509,7.33486917333
1509266269,31.28982933,121.20617827,195,31.2898593221,121.20613422,0.551527418762,5.35247658666
1509266270,31.28982933,121.20617827,195,31.2898593221,121.20613422,0.551527418762,5.35247658666
1509266271,31.28991579,121.20621037,195,31.2899333297,121.206184609,0.624831317085,3.1301852655
1509266272,31.28991579,121.20621037,195,31.2899333297,121.206184609,0.624831317085,3.1301852655
1509266273,31.28997259,121.20624859,195,31.2899899189,121.206223139,0.680882460623,3.09257032139
1509266274,31.28997259,121.20624859,195,31.2899899189,121.206223139,0.680882460623,3.09257032139
1509266275,31.29002494,121.20628139,195,31.2900409463,121.206257881,0.731424576239,2.85652014022
1509266276,31.29002494,121.20628139,195,31.2900409463,121.206257881,0.731424576239,2.85652014022
1509266277,31.29007902,121.20632638,195,31.2900988265,121.20629729,0.788754424714,3.53471577843
1509266278,31.29007902,121.20632638,195,31.2900988265,121.20629729,0.788754424714,3.53471577843
1509266279,31.29014439,121.20637693,195,31.2901670072,121.206343712,0.856286858385,4.03632722092
1509266280,31.29014439,121.20637693,195,31.2901670072,121.206343712,0.856286858385,4.03632722092
1509266281,31.29014439,121.20637693,195,31.2901670072,121.206343712,0.856286858385,4.03632722092
1509266282,31.29029817,121.20647923,193,31.2903194183,121.206447383,0.00682234026138,3.83991550055
1509266284,31.29029817,121.20647923,193,31.2903194183,121.206447383,0.00682234026138,3.83991550055
1509266285,31.29034754,121.20651866,193,31.2903717849,121.206482321,0.0556398728431,4.38144215094
1509266286,31.29034754,121.20651866,193,31.2903717849,121.206482321,0.0556398728431,4.38144215094
1509266287,31.29041592,121.20661346,193,31.290462869,121.206543092,0.140550923267,8.48443111784
1509266288,31.29041592,121.20661346,193,31.290462869,121.206543092,0.140550923267,8.48443111784
1509266289,31.29043714,121.2066739,193,31.2905054565,121.206571506,0.180252128589,12.3459207969
1509266290,31.29043714,121.2066739,193,31.2905054565,121.206571506,0.180252128589,12.3459207969
1509266291,31.29055901,121.20671607,193,31.2906092559,121.206640761,0.27701674348,9.08022248191
1509266292,31.29055901,121.20671607,193,31.2906092559,121.206640761,0.27701674348,9.08022248191
1509266293,31.2906298,121.20661095,193,31.2906097087,121.206641063,0.277438924026,3.63080902374
1509266294,31.2906298,121.20661095,193,31.2906097087,121.206641063,0.277438924026,3.63080902374
1509266295,31.29074239,121.20666133,193,31.290710877,121.206708562,0.371750757575,5.69488588688
1509266296,31.29074239,121.20666133,193,31.290710877,121.206708562,0.371750757575,5.69488588688
1509266297,31.29080952,121.20668461,193,31.2907680769,121.206746725,0.425073999412,7.48941802562
1509266298,31.29080952,121.20668461,193,31.2907680769,121.206746725,0.425073999412,7.48941802562
1509266299,31.29080952,121.20668461,193,31.2907680769,121.206746725,0.425073999412,7.48941802562
1509266301,31.29103255,121.20683091,193,31.2909899506,121.206894758,0.631910703041,7.6983625078
1509266302,31.29103255,121.20683091,193,31.2909899506,121.206894758,0.631910703041,7.6983625078
1509266303,31.29103255,121.20683091,193,31.2909899506,121.206894758,0.631910703041,7.6983625078
1509266304,31.29117536,121.20690448,193,31.2911227366,121.206983353,0.75569738763,9.50984863972
1509266305,31.29117536,121.20690448,193,31.2911227366,121.206983353,0.75569738763,9.50984863972
1509266306,31.29126897,121.20699283,193,31.2912283012,121.207053785,0.854107624402,7.34945533271
1509266307,31.29126897,121.20699283,193,31.2912283012,121.207053785,0.854107624402,7.34945533271
1509266308,31.29127536,121.20702551,193,31.2912478106,121.207066801,0.872294776214,4.97858954938
1509266309,31.29127536,121.20702551,193,31.2912478106,121.207066801,0.872294776214,4.97858954938
1509266310,31.29133292,121.20715434,193,31.2913471185,121.207133059,0.964872292867,2.56588262197
1509266311,31.29133292,121.20715434,193,31.2913471185,121.207133059,0.964872292867,2.56588262197
1509266312,31.29138764,121.20728037,300,31.2913827636,121.207280289,0.154269226472,0.54071840567
1509266313,31.29138764,121.20728037,300,31.2913827636,121.207280289,0.154269226472,0.54071840567
1509266314,31.29138764,121.20728037,300,31.2913827636,121.207280289,0.154269226472,0.54071840567
1509266315,31.29141727,121.20734193,300,31.2913817454,121.207341337,0.231409495024,3.93917636544
1509266316,31.29141727,121.20734193,300,31.2913817454,121.207341337,0.231409495024,3.93917636544
1509266317,31.29141727,121.20734193,300,31.2913817454,121.207341337,0.231409495024,3.93917636544
1509266318,31.29168776,121.20743333,300,31.2913802966,121.207428202,0.341169729936,34.0933483009
1509266320,31.29168776,121.20743333,300,31.2913802966,121.207428202,0.341169729936,34.0933483009
1509266321,31.29169702,121.2075063,300,31.2913790824,121.207500997,0.433152669125,35.2547862122
1509266322,31.29169702,121.2075063,300,31.2913790824,121.207500997,0.433152669125,35.2547862122
1509266323,31.29170093,121.2075225,300,31.2913788133,121.207517127,0.453534645998,35.7181829038
1509266324,31.29170093,121.2075225,300,31.2913788133,121.207517127,0.453534645998,35.7181829038
1509266325,31.2916961,121.20759292,300,31.2913776378,121.207587608,0.542593217234,35.3129586176
1509266326,31.2916961,121.20759292,300,31.2913776378,121.207587608,0.542593217234,35.3129586176
1509266327,31.2916296,121.20779258,459,31.2916252702,121.207956308,0.479165469241,15.5963533416
1509266328,31.2916296,121.20779258,459,31.2916252702,121.207956308,0.479165469241,15.5963533416
1509266329,31.29157352,121.2080798,458,31.2915768196,121.207955027,0.612354316315,11.885569288
1509266330,31.29157352,121.2080798,458,31.2915768196,121.207955027,0.612354316315,11.885569288
1509266331,31.29159701,121.20815618,458,31.2916023117,121.207955701,0.564201607676,19.0971209815
1509266332,31.29159701,121.20815618,458,31.2916023117,121.207955701,0.564201607676,19.0971209815
1509266333,31.29159237,121.20826632,302,31.2913664147,121.208262576,0.432108843891,25.0552141791
1509266334,31.29159237,121.20826632,302,31.2913664147,121.208262576,0.432108843891,25.0552141791
1509266335,31.29150624,121.20834608,302,31.29136507,121.208343741,0.544168348124,15.6537375824
1509266336,31.29150624,121.20834608,302,31.29136507,121.208343741,0.544168348124,15.6537375824
1509266338,31.29150624,121.20834608,302,31.29136507,121.208343741,0.544168348124,15.6537375824
1509266339,31.29146349,121.20853849,302,31.2913618713,121.208536806,0.810722642871,11.268058281
1509266340,31.29146349,121.20853849,302,31.2913618713,121.208536806,0.810722642871,11.268058281
1509266341,31.29143181,121.20861784,302,31.2913605483,121.208616659,0.920971084966,7.90189877211
1509266342,31.29143181,121.20861784,302,31.2913605483,121.208616659,0.920971084966,7.90189877211
1509266343,31.29141403,121.20858186,302,31.2913611394,121.208580984,0.871715757956,5.86481035507
1509266344,31.29141403,121.20858186,302,31.2913611394,121.208580984,0.871715757956,5.86481035507
1509266345,31.2914364,121.20867366,302,31.2913596251,121.208672388,0.997912486649,8.51324459134
1509266346,31.2914364,121.20867366,302,31.2913596251,121.208672388,0.997912486649,8.51324459134
1509266347,31.29142784,121.2087594,470,31.2913563685,121.208756607,0.0666297173725,7.92882966921
1509266348,31.29142784,121.2087594,470,31.2913563685,121.208756607,0.0666297173725,7.92882966921
1509266349,31.29141538,121.20886969,470,31.2913520468,121.208867215,0.155736283395,7.02598856609
1509266350,31.29141538,121.20886969,470,31.2913520468,121.208867215,0.155736283395,7.02598856609
1509266351,31.29141538,121.20886969,470,31.2913520468,121.208867215,0.155736283395,7.02598856609
1509266352,31.29150019,121.20914263,470,31.291341528,121.209136431,0.372618036516,17.6014642415
1509266353,31.29150019,121.20914263,470,31.291341528,121.209136431,0.372618036516,17.6014642415
1509266354,31.29152941,121.20924362,470,31.2913376327,121.209236127,0.452933931255,21.2751746154
1509266356,31.29152941,121.20924362,470,31.2913376327,121.209236127,0.452933931255,21.2751746154
1509266357,31.29152266,121.20936955,470,31.2913327096,121.209362128,0.554441527984,21.0725060598
1509266358,31.29152266,121.20936955,470,31.2913327096,121.209362128,0.554441527984,21.0725060598
1509266359,31.29149777,121.20948846,470,31.2913280327,121.209481828,0.650872499514,18.8301280305
1509266360,31.29149777,121.20948846,470,31.2913280327,121.209481828,0.650872499514,18.8301280305
1509266361,31.29141573,121.20994755,472,31.2913100001,121.209943431,0.0990896925763,11.7293071131
1509266362,31.29141573,121.20994755,472,31.2913100001,121.209943431,0.0990896925763,11.7293071131
1509266363,31.29140973,121.20999813,472,31.2913080233,121.209994167,0.277175862302,11.2829824557
1509266364,31.29140973,121.20999813,472,31.2913080233,121.209994167,0.277175862302,11.2829824557
1509266365,31.29140539,121.21008762,472,31.2913045354,121.210083691,0.591402601653,11.1884553019
1509266366,31.29139849,121.2101678,472,31.2913014058,121.210164017,0.873350295434,10.7701823759
1509266367,31.29139849,121.2101678,472,31.2913014058,121.210164017,0.873350295434,10.7701823759
1509266368,31.29138925,121.21023168,190,31.2912986438,121.210227135,0.074108520785,10.0552311267
1509266370,31.29138925,121.21023168,190,31.2912986438,121.210227135,0.074108520785,10.0552311267
1509266371,31.29138925,121.21023168,190,31.2912986438,121.210227135,0.074108520785,10.0552311267
1509266372,31.29137402,121.21039982,190,31.2912901921,121.210395615,0.535950706229,9.30299491712
1509266373,31.29137402,121.21039982,190,31.2912901921,121.210395615,0.535950706229,9.30299491712
1509266374,31.29137756,121.21049971,190,31.2912852026,121.210495077,0.808599072073,10.2495720386
1509266375,31.29137756,121.21049971,190,31.2912852026,121.210495077,0.808599072073,10.2495720386
1509266376,31.29135725,121.21060301,286,31.2912804117,121.210600206,0.0162961786138,8.52358986906
1509266377,31.29135725,121.21060301,286,31.2912804117,121.210600206,0.0162961786138,8.52358986906
1509266378,31.29132999,121.21071038,286,31.2912764627,121.210708427,0.0662472594424,5.9377194028
1509266379,31.29132999,121.21071038,286,31.2912764627,121.210708427,0.0662472594424,5.9377194028
1509266380,31.29137135,121.21081983,286,31.2912725293,121.210816224,0.116002931041,10.9620767384
1509266381,31.29137135,121.21081983,286,31.2912725293,121.210816224,0.116002931041,10.9620767384
1509266382,31.29133393,121.21100807,286,31.2912656198,121.211005577,0.203402204749,7.57757462701
1509266383,31.29133393,121.21100807,286,31.2912656198,121.211005577,0.203402204749,7.57757462701
1509266384,31.29133138,121.21113487,286,31.2912609957,121.211132302,0.261893986447,7.8076560159
1509266385,31.29133138,121.21113487,286,31.2912609957,121.211132302,0.261893986447,7.8076560159
1509266386,31.29133138,121.21113487,286,31.2912609957,121.211132302,0.261893986447,7.8076560159
1509266388,31.29132858,121.21142156,286,31.2912505446,121.211418713,0.394091811585,8.65637840876
1509266389,31.29132858,121.21142156,286,31.2912505446,121.211418713,0.394091811585,8.65637840876
1509266390,31.29132491,121.21161596,286,31.2912271886,121.21160205,0.479398242441,10.9154515717
1509266391,31.29132491,121.21161596,286,31.2912271886,121.21160205,0.479398242441,10.9154515717
1509266392,31.29131851,121.21171833,286,31.2912081121,121.211686842,0.519577687575,12.6021123836
1509266393,31.29131851,121.21171833,286,31.2912081121,121.211686842,0.519577687575,12.6021123836
1509266394,31.29126041,121.21176916,286,31.2911903341,121.211749173,0.549474930532,7.99928670992
1509266395,31.29126041,121.21176916,286,31.2911903341,121.211749173,0.549474930532,7.99928670992
1509266396,31.29121597,121.21186791,286,31.291158245,121.211848003,0.597419683585,6.67498865248
1509266397,31.29121597,121.21186791,286,31.291158245,121.211848003,0.597419683585,6.67498865248
1509266398,31.29118439,121.21195707,286,31.2911274086,121.211937419,0.641047638191,6.58900014963
1509266399,31.29118439,121.21195707,286,31.2911274086,121.211937419,0.641047638191,6.58900014963
1509266400,31.29114155,121.21206001,286,31.2910911284,121.212042621,0.692377755026,5.83047228043
1509266401,31.29114155,121.21206001,286,31.2910911284,121.212042621,0.692377755026,5.83047228043
1509266403,31.29114155,121.21206001,286,31.2910911284,121.212042621,0.692377755026,5.83047228043
1509266404,31.29106536,121.21222223,286,31.2910330328,121.212211082,0.774572579584,3.7381338345
1509266405,31.29105623,121.21230012,286,31.2910080561,121.212283507,0.809910124771,5.57055501692
1509266407,31.29105623,121.21230012,286,31.2910080561,121.212283507,0.809910124771,5.57055501692
1509266408,31.29105385,121.21243438,286,31.2909664232,121.21240423,0.868813206223,10.1095360628
1509266409,31.29105385,121.21243438,286,31.2909664232,121.21240423,0.868813206223,10.1095360628
1509266410,31.2910565,121.21255832,286,31.2909285057,121.21251418,0.922459754916,14.800537769
1509266411,31.2910565,121.21255832,286,31.2909285057,121.21251418,0.922459754916,14.800537769
1509266412,31.29096697,121.21268348,286,31.2908804144,121.21265363,0.990500332335,10.0088006817
1509266413,31.29096697,121.21268348,286,31.2908804144,121.21265363,0.990500332335,10.0088006817
1509266414,31.2908958,121.21264786,286,31.2908838281,121.212643731,0.985670490269,1.38435796862
1509266415,31.2908958,121.21264786,286,31.2908838281,121.212643731,0.985670490269,1.38435796862
1509266416,31.29085051,121.21257244,224,31.2908137997,121.21264105,0.0237191104739,7.69679850069
1509266417,31.29085051,121.21257244,224,31.2908137997,121.21264105,0.0237191104739,7.69679850069
1509266418,31.29076049,121.2125375,224,31.2907292813,121.212595828,0.057186440438,6.54332196011
1509266419,31.29076049,121.2125375,224,31.2907292813,121.212595828,0.057186440438,6.54332196011
1509266421,31.29056277,121.21252893,224,31.2905720027,121.212511675,0.119465135989,1.93575689084
1509266422,31.29046524,121.21243485,224,31.290461809,121.212439929,0.165407887889,0.615253791535
1509266424,31.29046524,121.21243485,224,31.290461809,121.212439929,0.165407887889,0.615253791535
1509266425,31.29037307,121.21244065,224,31.2904012134,121.212398992,0.19093977549,5.04670320753
1509266426,31.29037307,121.21244065,224,31.2904012134,121.212398992,0.19093977549,5.04670320753
1509266427,31.29034486,121.21244154,224,31.2903822566,121.212386185,0.198927196764,6.70600058286
1509266428,31.29034486,121.21244154,224,31.2903822566,121.212386185,0.198927196764,6.70600058286
1509266429,31.2903273,121.21218758,224,31.290252396,121.212298454,0.253643763441,13.4319410461
1509266430,31.2903273,121.21218758,224,31.290252396,121.212298454,0.253643763441,13.4319410461
1509266431,31.29019531,121.2121761,224,31.2901563247,121.212225591,0.295763232257,6.39439952331
1509266432,31.29019531,121.2121761,224,31.2901563247,121.212225591,0.295763232257,6.39439952331
1509266433,31.29008319,121.21216247,224,31.2900805114,121.21216587,0.329458822402,0.439344736963
1509266434,31.29008319,121.21216247,224,31.2900805114,121.21216587,0.329458822402,0.439344736963
1509266435,31.28999916,121.21214808,224,31.2900216626,121.212119514,0.35561444018,3.69090661547
1509266436,31.28999916,121.21214808,224,31.2900216626,121.212119514,0.35561444018,3.69090661547
1509266437,31.28992595,121.2120781,224,31.2899424686,121.21205713,0.390812609479,2.70939954543
1509266439,31.28992595,121.2120781,224,31.2899424686,121.21205713,0.390812609479,2.70939954543
1509266440,31.28978125,121.21193811,224,31.2897851273,121.211933188,0.460743689728,0.635964882098
1509266441,31.28978125,121.21193811,224,31.2897851273,121.211933188,0.460743689728,0.635964882098
1509266443,31.28969652,121.21187087,224,31.2897001564,121.211866254,0.49850944628,0.596440088019
1509266444,31.28964105,121.21179124,224,31.2896272186,121.211808799,0.530926979207,2.26864477079
1509266445,31.28964105,121.21179124,224,31.2896272186,121.211808799,0.530926979207,2.26864477079
1509266446,31.28956417,121.21174505,224,31.2895573241,121.211753741,0.56199192097,1.12287260898
1509266447,31.28956417,121.21174505,224,31.2895573241,121.211753741,0.56199192097,1.12287260898
1509266448,31.28949788,121.21171369,224,31.2895011734,121.211709509,0.586948375797,0.540187612489
1509266449,31.28949788,121.21171369,224,31.2895011734,121.211709509,0.586948375797,0.540187612489
1509266450,31.28942632,121.2117023,224,31.289451478,121.211670363,0.609035735236,4.1264535311
1509266451,31.28942632,121.2117023,224,31.289451478,121.211670363,0.609035735236,4.1264535311
1509266452,31.28920909,121.21166318,224,31.289298412,121.211549788,0.677066634214,14.6508033155
1509266453,31.28920909,121.21166318,224,31.289298412,121.211549788,0.677066634214,14.6508033155
1509266454,31.28916704,121.21161395,224,31.2892485329,121.211510497,0.699235631948,13.3666624956
1509266455,31.28916704,121.21161395,224,31.2892485329,121.211510497,0.699235631948,13.3666624956
1509266457,31.28909479,121.21154465,224,31.2891702711,121.211448843,0.734020619978,12.3796259786
1509266458,31.28909479,121.21154465,224,31.2891702711,121.211448843,0.734020619978,12.3796259786
1509266459,31.28898675,121.21141191,224,31.2890352737,121.211343774,0.793754328963,8.42806397658
1509266460,31.28898675,121.21141191,224,31.2890352737,121.211343774,0.793754328963,8.42806397658
1509266461,31.28889953,121.21136117,224,31.2889534285,121.211285487,0.828835661994,9.36162054475
1509266462,31.28889953,121.21136117,224,31.2889534285,121.211285487,0.828835661994,9.36162054475
1509266463,31.28883,121.21126384,224,31.288861306,121.211219881,0.868322157921,5.43753925549
1509266464,31.28883,121.21126384,224,31.288861306,121.211219881,0.868322157921,5.43753925549
1509266465,31.28870912,121.21118498,224,31.2887438406,121.211136226,0.918671417986,6.0306188994
1509266466,31.28870912,121.21118498,224,31.2887438406,121.211136226,0.918671417986,6.0306188994
1509266467,31.28867961,121.21118378,224,31.2887236939,121.211121879,0.92730689184,7.65693829362
1509266468,31.28867961,121.21118378,224,31.2887236939,121.211121879,0.92730689184,7.65693829362
1509266469,31.28859855,121.21117653,224,31.2886664855,121.211081137,0.951828149015,11.7997734852
1509266470,31.28859855,121.21117653,224,31.2886664855,121.211081137,0.951828149015,11.7997734852
1509266471,31.28852331,121.21118741,441,0,0,0,0
1509266471,31.28852331,121.21118741,439,31.2884643341,121.211152105,0.0294898583189,7.35237411987
1509266472,31.28852331,121.21118741,439,31.2884643341,121.211152105,0.0294898583189,7.35237411987
1509266473,31.28845615,121.21123702,439,31.288424753,121.211218225,0.0640585480649,3.91418935061
1509266475,31.28845615,121.21123702,439,31.288424753,121.211218225,0.0640585480649,3.91418935061
1509266476,31.28842177,121.21131654,439,31.2883806384,121.211291917,0.10258658375,5.12777786632
1509266477,31.28842177,121.21131654,439,31.2883806384,121.211291917,0.10258658375,5.12777786632
1509266478,31.28839175,121.21142238,439,31.2883260747,121.211383065,0.150240397512,8.18756953316
1509266479,31.28839175,121.21142238,439,31.2883260747,121.211383065,0.150240397512,8.18756953316
1509266480,31.28831415,121.21155051,439,31.2882491355,121.21151159,0.217436264314,8.10519897164
1509266481,31.28831415,121.21155051,439,31.2882491355,121.21151159,0.217436264314,8.10519897164
1509266482,31.28819877,121.21144452,439,31.2882654062,121.21148441,0.203226034669,8.30736910506
1509266483,31.28819877,121.21144452,439,31.2882654062,121.21148441,0.203226034669,8.30736910506
1509266484,31.28816394,121.21152806,439,31.2882194013,121.211561261,0.243405019682,6.91421781588
1509266485,31.28816394,121.21152806,439,31.2882194013,121.211561261,0.243405019682,6.91421781588
1509266486,31.28812827,121.21160769,439,31.2881748979,121.211635603,0.282272619753,5.81297980723
1509266487,31.28812827,121.21160769,439,31.2881748979,121.211635603,0.282272619753,5.81297980723
1509266488,31.28808582,121.21176099,439,31.2880961393,121.211767167,0.351057377666,1.28648231861
1509266489,31.28808582,121.21176099,439,31.2880961393,121.211767167,0.351057377666,1.28648231861
1509266490,31.28805782,121.21191967,439,31.2880188219,121.211896325,0.418583459328,4.86179380649
1509266491,31.28805782,121.21191967,439,31.2880188219,121.211896325,0.418583459328,4.86179380649
1509266493,31.28803862,121.21203393,439,31.2879634021,121.211988902,0.466985049358,9.37723184729
1509266494,31.28803862,121.21203393,439,31.2879634021,121.211988902,0.466985049358,9.37723184729
1509266495,31.28793824,121.21205809,439,31.2879262728,121.212050926,0.499412390874,1.49192061757
1509266496,31.28793824,121.21205809,439,31.2879262728,121.212050926,0.499412390874,1.49192061757
1509266497,31.28794673,121.21214665,439,31.2878894841,121.212112381,0.531542260615,7.13670805151
1509266498,31.28794673,121.21214665,439,31.2878894841,121.212112381,0.531542260615,7.13670805151
1509266499,31.28789861,121.2122365,439,31.2878371922,121.212199733,0.577212035833,7.65680873126
1509266500,31.28789861,121.2122365,439,31.2878371922,121.212199733,0.577212035833,7.65680873126
1509266501,31.28785743,121.21233882,439,31.2877812357,121.212293208,0.626082382712,9.4989666942
1509266502,31.28785743,121.21233882,439,31.2877812357,121.212293208,0.626082382712,9.4989666942
1509266503,31.28781081,121.21243561,439,31.287726281,121.212385008,0.67407769629,10.5380269264
1509266504,31.28781081,121.21243561,439,31.287726281,121.212385008,0.67407769629,10.5380269264
1509266505,31.28775025,121.21257823,439,31.2876474515,121.212516692,0.742924496124,12.8156550816
1509266506,31.28775025,121.21257823,439,31.2876474515,121.212516692,0.742924496124,12.8156550816
1509266508,31.28775025,121.21257823,439,31.2876474515,121.212516692,0.742924496124,12.8156550816
1509266510,31.28767115,121.21272055,439,31.2875638629,121.212656325,0.815927592004,13.3752337509
1509266512,31.28764116,121.21292189,439,31.2874672202,121.212817764,0.900331677194,21.6846989631
1509266513,31.28761973,121.21295849,253,31.2874886107,121.213119058,0.096001430397,21.0971875408
1509266514,31.28761973,121.21295849,253,31.2874886107,121.213119058,0.096001430397,21.0971875408
1509266515,31.28759394,121.21306789,253,31.2875267344,121.21315019,0.123009865435,10.8133957692
1509266516,31.28759394,121.21306789,253,31.2875267344,121.21315019,0.123009865435,10.8133957692
1509266517,31.2875546,121.21318451,253,31.287560266,121.213177571,0.146765107324,0.911665959174
1509266518,31.2875546,121.21318451,253,31.287560266,121.213177571,0.146765107324,0.911665959174
1509266519,31.2875048,121.21327397,253,31.2875742164,121.213188963,0.156648110732,11.169104986
1509266520,31.2875048,121.21327397,253,31.2875742164,121.213188963,0.156648110732,11.169104986
1509266521,31.28745978,121.21336331,252,31.2875909756,121.213202649,0.831478925457,21.1094657953
1509266522,31.28745978,121.21336331,252,31.2875909756,121.213202649,0.831478925457,21.1094657953
1509266523,31.28740672,121.21342706,437,31.2871985155,121.213258775,0.9999,28.1007286318
1509266524,31.28740672,121.21342706,437,31.2871985155,121.213258775,0.9999,28.1007286318
1509266526,31.28730625,121.21348788,435,31.287125853,121.213376495,0.152010757962,22.6392826784
1509266527,31.28730625,121.21348788,435,31.287125853,121.213376495,0.152010757962,22.6392826784
1509266528,31.28716216,121.21360721,435,31.2870327397,121.213527301,0.346801664004,16.2418429217
1509266529,31.28716216,121.21360721,435,31.2870327397,121.213527301,0.346801664004,16.2418429217
1509266530,31.28713947,121.21364703,435,31.2870086766,121.213566273,0.397141029433,16.4141577651
1509266531,31.28713947,121.21364703,435,31.2870086766,121.213566273,0.397141029433,16.4141577651
1509266532,31.2870879,121.21373594,435,31.2869546981,121.213653696,0.5100628252,16.7164185739
1509266533,31.2870879,121.21373594,435,31.2869546981,121.213653696,0.5100628252,16.7164185739
1509266534,31.28700595,121.21377049,435,31.2869166345,121.213715343,0.589690963909,11.2088111559
1509266535,31.28700595,121.21377049,435,31.2869166345,121.213715343,0.589690963909,11.2088111559
1509266536,31.28695057,121.21384653,435,31.2868673576,121.213795151,0.692777179341,10.4428956399
1509266537,31.28695057,121.21384653,435,31.2868673576,121.213795151,0.692777179341,10.4428956399
1509266538,31.28691914,121.21397969,435,31.2867991573,121.213905608,0.835450809169,15.0574646758
1509266539,31.28691914,121.21397969,435,31.2867991573,121.213905608,0.835450809169,15.0574646758
1509266540,31.28692974,121.21405505,148,31.2868567795,121.214144347,0.0591523914855,11.7359784866
1509266541,31.28692974,121.21405505,148,31.2868567795,121.214144347,0.0591523914855,11.7359784866
1509266542,31.28691815,121.21415591,148,31.2868992471,121.214179046,0.0775855312724,3.04060583423
1509266544,31.28691815,121.21415591,148,31.2868992471,121.214179046,0.0775855312724,3.04060583423
1509266545,31.28690538,121.21427946,148,31.2869521244,121.214222249,0.10053701179,7.51900927544
1509266546,31.28690538,121.21427946,148,31.2869521244,121.214222249,0.10053701179,7.51900927544
1509266547,31.28685073,121.21439156,149,31.2869742772,121.214240349,0.889847512148,19.8731031186
1509266548,31.28685073,121.21439156,149,31.2869742772,121.214240349,0.889847512148,19.8731031186
1509266549,31.28679029,121.21445672,149,31.286969959,121.214236821,0.891721843858,28.9005419867
1509266550,31.28679029,121.21445672,149,31.286969959,121.214236821,0.891721843858,28.9005419867
1509266551,31.28673576,121.2145417,433,31.2865018091,121.214403673,0.0863503526621,29.0786526957
1509266552,31.28673576,121.2145417,433,31.2865018091,121.214403673,0.0863503526621,29.0786526957
1509266553,31.28670381,121.21463339,433,31.2864534316,121.214485671,0.105452266169,31.1204925367
1509266554,31.28670381,121.21463339,433,31.2864534316,121.214485671,0.105452266169,31.1204925367
1509266555,31.28670381,121.21463339,433,31.2864534316,121.214485671,0.105452266169,31.1204925367
1509266556,31.28666788,121.21491838,433,31.2863194293,121.2147128,0.158363249017,43.3102888332
1509266557,31.28666788,121.21491838,433,31.2863194293,121.2147128,0.158363249017,43.3102888332
1509266558,31.28662721,121.21497827,433,31.2862827174,121.214775025,0.172858973304,42.8183207795
1509266559,31.28662721,121.21497827,433,31.2862827174,121.214775025,0.172858973304,42.8183207795
1509266560,31.28657741,121.21507335,433,31.2862282473,121.21486735,0.19436654778,43.3987876399
1509266562,31.28657741,121.21507335,433,31.2862282473,121.21486735,0.19436654778,43.3987876399
1509266563,31.28652661,121.21516129,433,31.2861766438,121.214954816,0.214742243553,43.4986602656
1509266564,31.28652661,121.21516129,433,31.2861766438,121.214954816,0.214742243553,43.4986602656
1509266565,31.28643089,121.21528943,433,31.2860958484,121.215091761,0.246644421477,41.6436372355
1509266566,31.28643089,121.21528943,433,31.2860958484,121.215091761,0.246644421477,41.6436372355
1509266567,31.28639564,121.21532242,433,31.2860723087,121.21513166,0.255939096396,40.1881195258
1509266568,31.28639564,121.21532242,433,31.2860723087,121.21513166,0.255939096396,40.1881195258
1509266569,31.28632494,121.21539535,433,31.286022136,121.215216701,0.275749834779,37.6367019458
1509266570,31.28632494,121.21539535,433,31.286022136,121.215216701,0.275749834779,37.6367019458
1509266571,31.28626221,121.21545344,433,31.2859805159,121.215287245,0.292183579227,35.0128726881
1509266572,31.28626221,121.21545344,433,31.2859805159,121.215287245,0.292183579227,35.0128726881
1509266573,31.28617304,121.21552502,433,31.285926165,121.215379368,0.313644091107,30.6850719711
1509266574,31.28617304,121.21552502,433,31.285926165,121.215379368,0.313644091107,30.6850719711
1509266575,31.28617304,121.21552502,433,31.285926165,121.215379368,0.313644091107,30.6850719711
1509266577,31.28606665,121.21562428,433,31.2858552538,121.21549956,0.341643478989,26.2752811362
1509266579,31.28593698,121.2157095,433,31.2857844767,121.215619521,0.369589392528,18.9554039899
1509266580,31.28593698,121.2157095,433,31.2857844767,121.215619521,0.369589392528,18.9554039899
1509266581,31.28580595,121.2156493,433,31.2857769888,121.215632213,0.372545923568,3.59973883476
1509266582,31.28580595,121.2156493,433,31.2857769888,121.215632213,0.372545923568,3.59973883476
1509266583,31.28574105,121.21572128,433,31.2857287275,121.21571401,0.391601253267,1.53162059386
1509266584,31.28574105,121.21572128,433,31.2857287275,121.21571401,0.391601253267,1.53162059386
1509266585,31.28569992,121.21581553,433,31.2856768577,121.215801923,0.412081419935,2.86653681842
1509266586,31.28569992,121.21581553,433,31.2856768577,121.215801923,0.412081419935,2.86653681842
1509266587,31.28564398,121.21586825,433,31.2856393394,121.215865512,0.426895031226,0.576805638639
1509266588,31.28564398,121.21586825,433,31.2856393394,121.215865512,0.426895031226,0.576805638639
1509266589,31.2855686,121.21596396,433,31.2855779864,121.215969498,0.451119483462,1.16668210405
1509266590,31.2855686,121.21596396,433,31.2855779864,121.215969498,0.451119483462,1.16668210405
1509266591,31.28555954,121.21602856,433,31.2855459102,121.216019183,0.462992108667,1.75527220196
1509266592,31.28555954,121.21602856,433,31.2855459102,121.216019183,0.462992108667,1.75527220196
1509266593,31.28552644,121.21611553,433,31.2854946639,121.216093668,0.481132177862,4.09218816636
1509266595,31.28552644,121.21611553,433,31.2854946639,121.216093668,0.481132177862,4.09218816636
1509266596,31.2854768,121.2161881,433,31.2854417197,121.216152254,0.497040023093,5.17477687099
1509266597,31.2854768,121.2161881,433,31.2854417197,121.216152254,0.497040023093,5.17477687099
1509266598,31.28537088,121.2162231,433,31.2853701199,121.216222323,0.517140302593,0.112126654123
1509266599,31.28537088,121.2162231,433,31.2853701199,121.216222323,0.517140302593,0.112126654123
1509266600,31.28525451,121.21626275,433,31.2852718586,121.216288683,0.540939572284,3.13007479904
1509266601,31.28525451,121.21626275,433,31.2852718586,121.216288683,0.540939572284,3.13007479904
1509266602,31.28517732,121.21629064,433,31.2851929016,121.216332393,0.559160457768,4.33482254742
1509266603,31.28517732,121.21629064,433,31.2851929016,121.216332393,0.559160457768,4.33482254742
1509266604,31.28504493,121.21630936,433,31.2850453491,121.21638002,0.590485892701,6.72830523237
1509266605,31.28504493,121.21630936,433,31.2850453491,121.21638002,0.590485892701,6.72830523237
1509266606,31.28495108,121.21631172,433,31.2849514884,121.216380577,0.609318344104,6.55660084853
1509266607,31.28495108,121.21631172,433,31.2849514884,121.216380577,0.609318344104,6.55660084853
1509266608,31.28488279,121.21630436,433,31.2848832245,121.216380978,0.623014976143,7.29562928907
1509266609,31.28488279,121.21630436,433,31.2848832245,121.216380978,0.623014976143,7.29562928907
1509266610,31.28474391,121.21631214,433,31.2847443049,121.216381766,0.650888131295,6.62984580262
1509266611,31.28474391,121.21631214,433,31.2847443049,121.216381766,0.650888131295,6.62984580262
1509266613,31.28468733,121.21638805,433,31.2846872962,121.216382089,0.662326485205,0.567578361428
1509266614,31.28468733,121.21638805,433,31.2846872962,121.216382089,0.662326485205,0.567578361428
1509266615,31.28457566,121.21642348,433,31.2845754288,121.216382724,0.684771803261,3.88084402896
1509266616,31.28457566,121.21642348,433,31.2845754288,121.216382724,0.684771803261,3.88084402896
1509266617,31.28446176,121.21640879,433,31.2844616158,121.216383369,0.707607506686,2.42058585726
1509266618,31.28446176,121.21640879,433,31.2844616158,121.216383369,0.707607506686,2.42058585726
1509266619,31.28429271,121.21643396,433,31.2842924285,121.216384329,0.741553632823,4.72593909193
1509266620,31.28429271,121.21643396,433,31.2842924285,121.216384329,0.741553632823,4.72593909193
1509266621,31.28423574,121.21643137,433,31.284235475,121.216384652,0.752980908056,4.44856077294
1509266622,31.28423574,121.21643137,433,31.284235475,121.216384652,0.752980908056,4.44856077294
1509266623,31.28414808,121.21644593,433,31.2841477353,121.21638515,0.770585211798,5.78760431662
1509266624,31.28414808,121.21644593,433,31.2841477353,121.21638515,0.770585211798,5.78760431662
1509266625,31.28403856,121.21643904,433,31.2840405182,121.216382505,0.792106932952,5.38757158768
1509266627,31.28403856,121.21643904,433,31.2840405182,121.216382505,0.792106932952,5.38757158768
1509266628,31.28396154,121.21645283,433,31.2839653,121.2163799,0.807207695742,6.95686135667
1509266629,31.28396154,121.21645283,433,31.2839653,121.2163799,0.807207695742,6.95686135667
1509266631,31.28381623,121.21641501,433,31.2838278,121.2163692,0.834878969579,4.54673184221
1509266632,31.28381623,121.21641501,433,31.2838278,121.2163692,0.834878969579,4.54673184221
1509266633,31.28376216,121.21635888,433,31.2837643494,121.216351174,0.848113439559,0.772903247459
1509266634,31.28376216,121.21635888,433,31.2837643494,121.216351174,0.848113439559,0.772903247459
1509266635,31.2836749,121.21633159,433,31.2836810053,121.216320911,0.866013198062,1.22156219571
1509266636,31.2836749,121.21633159,433,31.2836810053,121.216320911,0.866013198062,1.22156219571
1509266637,31.28356225,121.21627789,433,31.2835786998,121.216257367,0.89022982597,2.67311525894
1509266638,31.28356225,121.21627789,433,31.2835786998,121.216257367,0.89022982597,2.67311525894
1509266639,31.28346967,121.21623535,433,31.2835015722,121.216195548,0.910061911776,5.18414040049
1509266640,31.28346967,121.21623535,433,31.2835015722,121.216195548,0.910061911776,5.18414040049
1509266641,31.28338485,121.21623082,433,31.2834477184,121.216152383,0.923909515043,10.216184377
1509266642,31.28338485,121.21623082,433,31.2834477184,121.216152383,0.923909515043,10.216184377
1509266643,31.28330914,121.21617667,433,31.2833751964,121.216094256,0.942557338903,10.7342412675
1509266645,31.28330914,121.21617667,433,31.2833751964,121.216094256,0.942557338903,10.7342412675
1509266646,31.28323394,121.21613367,433,31.2833084262,121.216040738,0.959726185799,12.1040955482
1509266647,31.28319161,121.216186,382,31.2830450195,121.21610237,0.553266868363,18.0991061236
1509266649,31.28319161,121.216186,382,31.2830450195,121.21610237,0.553266868363,18.0991061236
1509266650,31.28306658,121.21608713,383,31.2830568733,121.216081592,0.508151611734,1.19846313597
1509266651,31.28306658,121.21608713,383,31.2830568733,121.216081592,0.508151611734,1.19846313597
1509266652,31.28291489,121.21587149,431,31.2829862478,121.21578248,0.0954690524521,11.5944596664
1509266653,31.28291489,121.21587149,431,31.2829862478,121.21578248,0.0954690524521,11.5944596664
1509266654,31.28285866,121.2158421,431,31.2829376743,121.215743539,0.123479971778,12.8385536434
1509266655,31.28285866,121.2158421,431,31.2829376743,121.215743539,0.123479971778,12.8385536434
1509266656,31.28273879,121.21571816,431,31.2828042164,121.215636549,0.200441197249,10.6307111735
1509266657,31.28273879,121.21571816,431,31.2828042164,121.215636549,0.200441197249,10.6307111735
1509266658,31.28260371,121.21561154,431,31.282669952,121.215528911,0.277867521803,10.763236756
1509266659,31.28260371,121.21561154,431,31.282669952,121.215528911,0.277867521803,10.763236756
1509266660,31.28250287,121.21546625,431,31.2825376593,121.215422855,0.354156800489,5.65269286873
1509266661,31.28250287,121.21546625,431,31.2825376593,121.215422855,0.354156800489,5.65269286873
1509266662,31.28235912,121.21537634,431,31.2824062719,121.215317524,0.429924019048,7.66142379768
1509266664,31.28235912,121.21537634,431,31.2824062719,121.215317524,0.429924019048,7.66142379768
1509266665,31.28225515,121.21520715,431,31.282257612,121.215203706,0.51419529096,0.426704300132
1509266666,31.28225515,121.21520715,431,31.282257612,121.215203706,0.51419529096,0.426704300132
1509266667,31.28211338,121.21499273,431,31.2820718145,121.215015204,0.635136329033,5.08116313346
1509266668,31.28211338,121.21499273,431,31.2820718145,121.215015204,0.635136329033,5.08116313346
1509266669,31.2819704,121.21486792,431,31.2819976775,121.214856658,0.713990510137,3.20886052935
1509266670,31.2819704,121.21486792,431,31.2819976775,121.214856658,0.713990510137,3.20886052935
1509266671,31.2818733,121.21471374,431,31.2819404767,121.214693045,0.792055754912,7.7044503158
1509266672,31.2818733,121.21471374,431,31.2819404767,121.214693045,0.792055754912,7.7044503158
1509266673,31.28185607,121.21452958,431,31.2819075117,121.214523216,0.870181021379,5.73566547857
1509266674,31.28185607,121.21452958,431,31.2819075117,121.214523216,0.870181021379,5.73566547857
1509266675,31.28184671,121.21438403,431,31.2818973432,121.214383811,0.933179265847,5.61396177088
1509266676,31.28184671,121.21438403,431,31.2818973432,121.214383811,0.933179265847,5.61396177088
1509266677,31.28197438,121.21433814,134,31.2819739728,121.214234995,0.0177446185799,9.82179169903
1509266678,31.28197438,121.21433814,134,31.2819739728,121.214234995,0.0177446185799,9.82179169903
1509266679,31.28208329,121.21430548,134,31.28208301,121.214234564,0.0427834976008,6.7527475095
1509266680,31.28208329,121.21430548,134,31.28208301,121.214234564,0.0427834976008,6.7527475095
1509266682,31.28208329,121.21430548,134,31.28208301,121.214234564,0.0427834976008,6.7527475095
1509266683,31.28227111,121.21417894,134,31.2822713267,121.214233821,0.08602778155,5.22589276684
1509266684,31.28227111,121.21417894,134,31.2822713267,121.214233821,0.08602778155,5.22589276684
1509266685,31.28244817,121.21419633,134,31.2824483153,121.214233122,0.126670739133,3.50343732816
1509266686,31.28244817,121.21419633,134,31.2824483153,121.214233122,0.126670739133,3.50343732816
1509266687,31.28249837,121.21419095,134,31.2824985357,121.214232924,0.138203165714,3.99685069923
1509266688,31.28249837,121.21419095,134,31.2824985357,121.214232924,0.138203165714,3.99685069923
1509266689,31.28258473,121.21417598,134,31.2825849535,121.214232583,0.158047795812,5.38983248421
1509266690,31.28258473,121.21417598,134,31.2825849535,121.214232583,0.158047795812,5.38983248421
1509266691,31.28270514,121.21417222,134,31.2827053764,121.214232107,0.185701248502,5.70258972572
1509266692,31.28270514,121.21417222,134,31.2827053764,121.214232107,0.185701248502,5.70258972572
1509266693,31.28287785,121.21420969,134,31.2828779358,121.214231426,0.225327101182,2.06975654939
1509266694,31.28287785,121.21420969,134,31.2828779358,121.214231426,0.225327101182,2.06975654939
1509266695,31.28306776,121.21419351,134,31.2830679067,121.214230676,0.268951269034,3.53902073105
1509266696,31.28306776,121.21419351,134,31.2830679067,121.214230676,0.268951269034,3.53902073105
1509266697,31.28319128,121.21420409,134,31.283191383,121.214230189,0.297305878595,2.48515739426
1509266698,31.28319128,121.21420409,134,31.283191383,121.214230189,0.297305878595,2.48515739426
1509266700,31.28328002,121.21420182,134,31.2832801306,121.214229838,0.31768552063,2.66794510915
1509266701,31.28328002,121.21420182,134,31.2832801306,121.214229838,0.31768552063,2.66794510915
1509266702,31.2833999,121.2141962,134,31.2834000309,121.214229365,0.345218954319,3.15801122673
1509266703,31.2833999,121.2141962,134,31.2834000309,121.214229365,0.345218954319,3.15801122673
1509266704,31.28354698,121.21420431,134,31.2835470766,121.214228785,0.378985943746,2.3304870706
1509266705,31.28354698,121.21420431,134,31.2835470766,121.214228785,0.378985943746,2.3304870706
1509266706,31.28366342,121.21421361,134,31.2836634781,121.214228325,0.405715915915,1.40117296206
1509266707,31.28366342,121.21421361,134,31.2836634781,121.214228325,0.405715915915,1.40117296206
1509266708,31.28374208,121.21418308,134,31.2837422574,121.214228014,0.42380648217,4.27864641369
1509266709,31.28374208,121.21418308,134,31.2837422574,121.214228014,0.42380648217,4.27864641369
1509266710,31.28390921,121.21422056,134,31.2839092368,121.214227355,0.462150976681,0.647001023286
1509266711,31.28390921,121.21422056,134,31.2839092368,121.214227355,0.462150976681,0.647001023286
1509266712,31.28400057,121.21422822,134,31.2840005652,121.214226994,0.483123253612,0.116720500211
1509266713,31.28400057,121.21422822,134,31.2840005652,121.214226994,0.483123253612,0.116720500211
1509266714,31.28400057,121.21422822,134,31.2840005652,121.214226994,0.483123253612,0.116720500211
1509266715,31.28419149,121.21418544,134,31.2841916511,121.21422624,0.527003464733,3.88497124605
1509266716,31.28419149,121.21418544,134,31.2841916511,121.21422624,0.527003464733,3.88497124605
1509266718,31.28435317,121.21424319,134,31.2843531006,121.214225602,0.564078086393,1.67468943407
1509266719,31.28435317,121.21424319,134,31.2843531006,121.214225602,0.564078086393,1.67468943407
1509266720,31.28442408,121.21423587,134,31.2844240384,121.214225322,0.580367959864,1.00434405622
1509266721,31.28442408,121.21423587,134,31.2844240384,121.214225322,0.580367959864,1.00434405622
1509266722,31.28450477,121.21421339,134,31.2845048158,121.214225003,0.5989173822,1.10583629627
1509266723,31.28450477,121.21421339,134,31.2845048158,121.214225003,0.5989173822,1.10583629627
1509266724,31.28459639,121.21422092,134,31.2845964224,121.214224066,0.619954488751,0.299552891302
1509266725,31.28459639,121.21422092,134,31.2845964224,121.214224066,0.619954488751,0.299552891302
1509266726,31.28469303,121.21420158,134,31.2846932513,121.214223069,0.642190899155,2.04625982614
1509266727,31.28469303,121.21420158,134,31.2846932513,121.214223069,0.642190899155,2.04625982614
1509266728,31.28479124,121.21418216,134,31.2847957305,121.214221129,0.665737593261,3.74378478598
1509266729,31.28479124,121.21418216,134,31.2847957305,121.214221129,0.665737593261,3.74378478598
1509266730,31.28488508,121.21415819,134,31.2848910667,121.214210143,0.687774925307,4.99117853577
1509266731,31.28488508,121.21415819,134,31.2848910667,121.214210143,0.687774925307,4.99117853577
1509266732,31.28488508,121.21415819,134,31.2848910667,121.214210143,0.687774925307,4.99117853577
1509266733,31.28497991,121.21414548,134,31.2849925713,121.214189557,0.711639396883,4.42553473152
1509266734,31.28497991,121.21414548,134,31.2849925713,121.214189557,0.711639396883,4.42553473152
1509266736,31.28508402,121.21414879,134,31.2850887147,121.214157442,0.735003515682,0.974534149059
1509266737,31.28508402,121.21414879,134,31.2850887147,121.214157442,0.735003515682,0.974534149059
1509266738,31.28515722,121.2141011,134,31.2851652567,121.214115912,0.75500078232,1.66826292013
1509266739,31.28515722,121.2141011,134,31.2851652567,121.214115912,0.75500078232,1.66826292013
1509266740,31.28520103,121.21406589,134,31.2852138618,121.21408954,0.767699210712,2.66370529441
1509266741,31.28520103,121.21406589,134,31.2852138618,121.21408954,0.767699210712,2.66370529441
1509266742,31.28521968,121.21403372,134,31.2852473381,121.214068343,0.776831613824,4.50251605202
1509266743,31.28521968,121.21403372,134,31.2852473381,121.214068343,0.776831613824,4.50251605202
1509266744,31.28536765,121.21388006,134,31.2854171186,121.213921248,0.828584369451,6.74267034557
1509266745,31.28536765,121.21388006,134,31.2854171186,121.213921248,0.828584369451,6.74267034557
1509266746,31.28540242,121.21384902,134,31.285446617,121.213885819,0.83917093162,6.02413886278
1509266747,31.28540242,121.21384902,134,31.285446617,121.213885819,0.83917093162,6.02413886278
1509266748,31.28545328,121.21377342,134,31.2855096558,121.213806508,0.862472953313,6.99973897308
1509266750,31.28545328,121.21377342,134,31.2855096558,121.213806508,0.862472953313,6.99973897308
1509266751,31.28550952,121.21370252,134,31.2855550157,121.213729222,0.883051298925,5.64883604315
1509266752,31.28550952,121.21370252,134,31.2855550157,121.213729222,0.883051298925,5.64883604315
1509266754,31.28555449,121.21354624,134,31.2856347597,121.213593351,0.919228689664,9.96645148828
1509266755,31.2856168,121.21346545,134,31.2856859921,121.21350606,0.942471233848,8.59103426994
1509266756,31.2856168,121.21346545,134,31.2856859921,121.21350606,0.942471233848,8.59103426994
1509266757,31.28573746,121.21343282,134,31.2857311507,121.213429117,0.962958246553,0.783378607008
1509266758,31.28573746,121.21343282,134,31.2857311507,121.213429117,0.962958246553,0.783378607008
1509266759,31.28576329,121.21341015,134,31.2857476649,121.213400979,0.970450239055,1.94004237019
1509266760,31.28576329,121.21341015,134,31.2857476649,121.213400979,0.970450239055,1.94004237019
1509266761,31.28577314,121.2133715,134,31.2857670608,121.213367932,0.979249551918,0.754805280537
1509266762,31.28577314,121.2133715,134,31.2857670608,121.213367932,0.979249551918,0.754805280537
1509266763,31.28572814,121.21332273,134,31.2857768214,121.213351302,0.983677618523,6.04437422807
1509266764,31.28572814,121.21332273,134,31.2857768214,121.213351302,0.983677618523,6.04437422807
1509266765,31.28566171,121.21324542,145,0,0,0,0
1509266765,31.28566171,121.21324542,145,0,0,0,0
1509266765,31.28566171,121.21324542,150,31.2856977828,121.213200876,0.0841692780947,5.82972854915
1509266766,31.28566171,121.21324542,150,31.2856977828,121.213200876,0.0841692780947,5.82972854915
1509266768,31.2855885,121.21316418,150,31.285613836,121.213132894,0.225718259963,4.09456732714
1509266769,31.2855885,121.21316418,150,31.285613836,121.213132894,0.225718259963,4.09456732714
1509266770,31.28548876,121.21305448,150,31.2854999478,121.213040665,0.417753950862,1.80806593541
1509266771,31.28548876,121.21305448,150,31.2854999478,121.213040665,0.417753950862,1.80806593541
1509266772,31.28543684,121.21302291,150,31.2854531514,121.213002768,0.496661007513,2.6360878413
1509266773,31.28543684,121.21302291,150,31.2854531514,121.213002768,0.496661007513,2.6360878413
1509266774,31.28536734,121.2129782,150,31.2853893113,121.212951069,0.604306656077,3.55079145653
1509266775,31.28536734,121.2129782,150,31.2853893113,121.212951069,0.604306656077,3.55079145653
1509266776,31.28529756,121.2129303,150,31.2853222417,121.212897363,0.716907964156,4.16229380409
1509266777,31.28529756,121.2129303,150,31.2853222417,121.212897363,0.716907964156,4.16229380409
1509266778,31.28521017,121.21289298,150,31.2852370743,121.212838153,0.853197113362,6.01269057129
1509266779,31.28521017,121.21289298,150,31.2852370743,121.212838153,0.853197113362,6.01269057129
1509266780,31.28513453,121.21285482,150,31.2851610219,121.212800833,0.964206724994,5.92053325403
1509266781,31.28513453,121.21285482,150,31.2851610219,121.212800833,0.964206724994,5.92053325403
1509266782,31.28506571,121.21280452,152,31.2850705592,121.212777127,0.10546650534,2.66315870184
1509266783,31.28506571,121.21280452,152,31.2850705592,121.212777127,0.10546650534,2.66315870184
1509266784,31.2849894,121.21275843,152,31.2849897396,121.212764749,0.234544634939,0.602889955745
1509266786,31.2849894,121.21275843,152,31.2849897396,121.212764749,0.234544634939,0.602889955745
1509266787,31.28489953,121.21273117,152,31.2849015891,121.212769486,0.373575385482,3.6555782397
1509266788,31.28489953,121.21273117,152,31.2849015891,121.212769486,0.373575385482,3.6555782397
1509266789,31.28477224,121.21274269,152,31.2847740484,121.212776341,0.574732408161,3.21042763897
1509266790,31.28477224,121.21274269,152,31.2847740484,121.212776341,0.574732408161,3.21042763897
1509266791,31.28474718,121.21273311,152,31.2847495739,121.212777656,0.613333524354,4.24989036229
1509266792,31.28474718,121.21273311,152,31.2847495739,121.212777656,0.613333524354,4.24989036229
1509266793,31.28466843,121.21272326,152,31.2846686351,121.212779298,0.740867768775,5.33590645576
1509266794,31.28466843,121.21272326,152,31.2846686351,121.212779298,0.740867768775,5.33590645576
1509266795,31.28457354,121.21269604,152,31.284573846,121.212779645,0.890154564857,7.96082510625
1509266796,31.28457354,121.21269604,152,31.284573846,121.212779645,0.890154564857,7.96082510625
1509266797,31.28451863,121.212654,525,31.2845041,121.212654,0.140843494813,1.61100455456
1509266798,31.28451863,121.212654,525,31.2845041,121.212654,0.140843494813,1.61100455456
1509266799,31.28448994,121.21257412,525,31.2845041,121.21257412,0.230204720902,1.56998103454
1509266800,31.28448994,121.21257412,525,31.2845041,121.21257412,0.230204720902,1.56998103454
1509266801,31.28447957,121.21250518,525,31.2845041,121.21250518,0.307327441569,2.71974821794
1509266802,31.28447957,121.21250518,525,31.2845041,121.21250518,0.307327441569,2.71974821794
1509266803,31.28447955,121.21238209,525,31.2845041,121.21238209,0.445027407994,2.72196570455
1509266805,31.28447955,121.21238209,525,31.2845041,121.21238209,0.445027407994,2.72196570455
1509266806,31.28444083,121.21222912,525,31.2845041,121.21222912,0.616153932215,7.01502116603
1509266807,31.28444083,121.21222912,525,31.2845041,121.21222912,0.616153932215,7.01502116603
1509266808,31.28447148,121.21217815,525,31.2845041,121.21217815,0.673173733091,3.61672184245
1509266809,31.28447148,121.21217815,525,31.2845041,121.21217815,0.673173733091,3.61672184245
1509266810,31.28445432,121.21208564,525,31.2845041,121.21208564,0.776664056394,5.51932596845
1509266811,31.28445432,121.21208564,525,31.2845041,121.21208564,0.776664056394,5.51932596845
1509266812,31.2844555,121.21201791,525,31.2845041,121.21201791,0.85243315808,5.38849421727
1509266813,31.2844555,121.21201791,525,31.2845041,121.21201791,0.85243315808,5.38849421727
1509266814,31.28446228,121.21192716,525,31.2845041,121.21192716,0.953954581055,4.63676601365
1509266815,31.28446228,121.21192716,525,31.2845041,121.21192716,0.953954581055,4.63676601365
1509266816,31.28447178,121.21180264,523,31.2845040933,121.211802637,0.0298972899045,3.5827120464
1509266817,31.28447178,121.21180264,523,31.2845040933,121.211802637,0.0298972899045,3.5827120464
1509266819,31.28448499,121.21168062,523,31.2845040834,121.211680618,0.0736583382465,2.11696754294
1509266820,31.28448499,121.21168062,523,31.2845040834,121.211680618,0.0736583382465,2.11696754294
1509266822,31.28449441,121.21157608,523,31.2845040749,121.211576079,0.111150443714,1.07159362268
1509266823,31.28447712,121.21142047,523,31.2845040624,121.211420468,0.166959143485,2.9872160929
1509266824,31.28447712,121.21142047,523,31.2845040624,121.211420468,0.166959143485,2.9872160929
1509266825,31.28444536,121.2112904,523,31.2845040518,121.211290395,0.213608559943,6.50741964096
1509266826,31.28444536,121.2112904,523,31.2845040518,121.211290395,0.213608559943,6.50741964096
1509266827,31.28443779,121.21119377,523,31.284504044,121.211193765,0.248264304222,7.3458721276
1509266828,31.28443779,121.21119377,523,31.284504044,121.211193765,0.248264304222,7.3458721276
1509266829,31.28442403,121.21107349,523,31.2845040343,121.211073484,0.291402098663,8.87042486694
1509266830,31.28442403,121.21107349,523,31.2845040343,121.211073484,0.291402098663,8.87042486694
1509266831,31.28441371,121.21096741,523,31.2845040257,121.210967403,0.32944708454,10.0136971179
1509266832,31.28441371,121.21096741,523,31.2845040257,121.210967403,0.32944708454,10.0136971179
1509266833,31.28440415,121.21086105,523,31.2845040171,121.210861042,0.367592467977,11.072702338
1509266834,31.28440415,121.21086105,523,31.2845040171,121.210861042,0.367592467977,11.072702338
1509266835,31.28439406,121.21074507,523,31.2845040077,121.210745061,0.40918799768,12.1903847106
1509266837,31.28439406,121.21074507,523,31.2845040077,121.210745061,0.40918799768,12.1903847106
1509266838,31.28438662,121.21063466,523,31.284504,121.21063466,0.448782413025,13.0144330798
1509266839,31.28438662,121.21063466,523,31.284504,121.21063466,0.448782413025,13.0144330798
1509266840,31.2844244,121.21049614,523,31.284504,121.21049614,0.498461428838,8.82559955804
1509266841,31.2844244,121.21049614,523,31.284504,121.21049614,0.498461428838,8.82559955804
1509266842,31.28442558,121.21040732,523,31.284504,121.21040732,0.530315963814,8.69476780707
1509266843,31.28442558,121.21040732,523,31.284504,121.21040732,0.530315963814,8.69476780707
1509266844,31.28443484,121.21032862,523,31.284504,121.21032862,0.558541047158,7.66807117978
1509266845,31.28443484,121.21032862,523,31.284504,121.21032862,0.558541047158,7.66807117978
1509266846,31.28451058,121.21020412,523,31.284504,121.21020412,0.603191909625,0.729553336599
1509266847,31.28451058,121.21020412,523,31.284504,121.21020412,0.603191909625,0.729553336599
1509266848,31.28448806,121.21011315,523,31.284504,121.21011315,0.635817523752,1.76733740742
1509266849,31.28448806,121.21011315,523,31.284504,121.21011315,0.635817523752,1.76733740742
1509266850,31.28444086,121.21002326,523,31.284504,121.21002326,0.668055805095,7.00060749745
1509266851,31.28444086,121.21002326,523,31.284504,121.21002326,0.668055805095,7.00060749745
1509266852,31.28441911,121.20997666,523,31.284504,121.20997666,0.684768497393,9.4121249518
1509266853,31.28441911,121.20997666,523,31.284504,121.20997666,0.684768497393,9.4121249518
1509266855,31.28441878,121.20993522,523,31.284504,121.20993522,0.699630599724,9.44871349302
1509266856,31.28441878,121.20993522,523,31.284504,121.20993522,0.699630599724,9.44871349302
1509266857,31.28439389,121.20984151,523,31.284504,121.20984151,0.733238891467,12.2083764456
1509266858,31.28439389,121.20984151,523,31.284504,121.20984151,0.733238891467,12.2083764456
1509266859,31.28434033,121.20980672,523,31.284504,121.20980672,0.745716028056,18.1468074159
1509266860,31.28434033,121.20980672,523,31.284504,121.20980672,0.745716028056,18.1468074159
1509266861,31.28434177,121.20976303,523,31.284504,121.20976303,0.761385073687,17.9871483321
1509266862,31.28434177,121.20976303,523,31.284504,121.20976303,0.761385073687,17.9871483321
1509266863,31.28434902,121.20974146,523,31.284504,121.20974146,0.769120970101,17.1833091906
1509266864,31.28434902,121.20974146,523,31.284504,121.20974146,0.769120970101,17.1833091906
1509266865,31.28435609,121.20973704,523,31.284504,121.20973704,0.770706165383,16.3994274349
1509266866,31.28435609,121.20973704,523,31.284504,121.20973704,0.770706165383,16.3994274349
1509266867,31.28436293,121.20972464,523,31.284504,121.20972464,0.775153319552,15.6410467811
1509266868,31.28436293,121.20972464,523,31.284504,121.20972464,0.775153319552,15.6410467811
1509266869,31.28436293,121.20972464,523,31.284504,121.20972464,0.775153319552,15.6410467811
1509266870,31.28437035,121.20971836,523,31.284504,121.20971836,0.777405587959,14.8183589953
1509266871,31.28437035,121.20971836,523,31.284504,121.20971836,0.777405587959,14.8183589953
1509266873,31.28437035,121.20971836,523,31.284504,121.20971836,0.777405587959,14.8183589953
1509266874,31.28440686,121.20971645,523,31.284504,121.20971645,0.778090593156,10.7703359289
1509266875,31.28440686,121.20971645,523,31.284504,121.20971645,0.778090593156,10.7703359289
1509266876,31.28458301,121.20973019,523,31.284504,121.20973019,0.773162859419,8.76018379232
1509266877,31.28458301,121.20973019,523,31.284504,121.20973019,0.773162859419,8.76018379232
1509266878,31.28463053,121.2097548,523,31.284504,121.2097548,0.764336692951,14.0289337967
1509266879,31.28463053,121.2097548,523,31.284504,121.2097548,0.764336692951,14.0289337967
1509266880,31.28463203,121.20976045,523,31.284504,121.20976045,0.762310368669,14.1952453505
1509266881,31.28463203,121.20976045,523,31.284504,121.20976045,0.762310368669,14.1952453505
1509266882,31.28463381,121.20976615,523,31.284504,121.20976615,0.760266112319,14.3926017281
1509266883,31.28463381,121.20976615,523,31.284504,121.20976615,0.760266112319,14.3926017281
1509266884,31.28463633,121.20977535,523,31.284504,121.20977535,0.756966610832,14.6720051389
1509266885,31.28463633,121.20977535,523,31.284504,121.20977535,0.756966610832,14.6720051389
1509266886,31.28463722,121.20977969,523,31.284504,121.20977969,0.75541010687,14.7706833276
1509266887,31.28463722,121.20977969,523,31.284504,121.20977969,0.75541010687,14.7706833276
1509266888,31.28463753,121.20978099,523,31.284504,121.20978099,0.754943872967,14.8050543826
1509266889,31.28463753,121.20978099,523,31.284504,121.20978099,0.754943872967,14.8050543826
1509266891,31.28463753,121.20978099,523,31.284504,121.20978099,0.754943872967,14.8050543826
1509266893,31.28463799,121.20978373,523,31.284504,121.20978373,0.753961195352,14.8560565915
Time_cost 13.0669999123
