1509267743,31.2906147,121.21275761,206,31.2906440903,121.212703988,0.925930872703,6.05683089669
1509267744,31.29065018,121.21278075,206,31.2906811271,121.212724287,0.940498778801,6.37764110022
1509267745,31.29065018,121.21278075,206,31.2906811271,121.212724287,0.940498778801,6.37764110022
1509267746,31.29070634,121.21280694,206,31.2907353519,121.212754008,0.961827422834,5.97884475591
1509267748,31.29070634,121.21280694,206,31.2907353519,121.212754008,0.961827422834,5.97884475591
1509267749,31.29081074,121.21278921,206,31.2908081613,121.212793915,0.990466028242,0.531422515983
1509267750,31.29081074,121.21278921,206,31.2908081613,121.212793915,0.990466028242,0.531422515983
1509267751,31.29088782,121.21280462,208,31.2908784599,121.212826714,0.043552072341,2.34564995789
1509267752,31.29088782,121.21280462,208,31.2908784599,121.212826714,0.043552072341,2.34564995789
1509267753,31.29094652,121.21285914,208,31.2909478104,121.212856094,0.109126488815,0.323365829146
1509267754,31.29094652,121.21285914,208,31.2909478104,121.212856094,0.109126488815,0.323365829146
1509267755,31.29105322,121.21289735,208,31.2910519982,121.212900234,0.207641495795,0.306188940117
1509267756,31.29105322,121.21289735,208,31.2910519982,121.212900234,0.207641495795,0.306188940117
1509267757,31.29108847,121.21291212,208,31.2910871893,121.212915143,0.240916551881,0.320938072297
1509267758,31.29108847,121.21291212,208,31.2910871893,121.212915143,0.240916551881,0.320938072297
1509267759,31.29115564,121.2129471,208,31.2911567023,121.212944592,0.306644704877,0.266221466099
1509267760,31.29115564,121.2129471,208,31.2911567023,121.212944592,0.306644704877,0.266221466099
1509267761,31.29115564,121.2129471,208,31.2911567023,121.212944592,0.306644704877,0.266221466099
1509267763,31.29128313,121.21302041,208,31.291291124,121.213001541,0.433747361144,2.00330208996
1509267764,31.2913272,121.21306345,208,31.2913439472,121.21302392,0.483694453239,4.19686692637
1509267766,31.2913272,121.21306345,208,31.2913439472,121.21302392,0.483694453239,4.19686692637
1509267767,31.29141519,121.21317668,208,31.2914546676,121.213064272,0.586325654923,11.5630907385
1509267768,31.29141519,121.21317668,208,31.2914546676,121.213064272,0.586325654923,11.5630907385
1509267769,31.29147009,121.21320846,208,31.2915134753,121.213084925,0.640591866715,12.7076629523
1509267770,31.29147009,121.21320846,208,31.2915134753,121.213084925,0.640591866715,12.7076629523
1509267771,31.29154233,121.21322344,208,31.2915824668,121.213109155,0.704255390136,11.7561548145
1509267772,31.29154233,121.21322344,208,31.2915824668,121.213109155,0.704255390136,11.7561548145
1509267773,31.29159916,121.21332621,208,31.2916651868,121.213138206,0.780587242227,19.3393853464
1509267774,31.29159916,121.21332621,208,31.2916651868,121.213138206,0.780587242227,19.3393853464
1509267775,31.29162636,121.21333502,208,31.2916851,121.2131452,0.798962631873,19.2108571831
1509267776,31.29162636,121.21333502,208,31.2916851,121.2131452,0.798962631873,19.2108571831
1509267777,31.29171011,121.21333633,208,31.2917519171,121.213161146,0.858770017052,17.3118103215
1509267778,31.29171011,121.21333633,208,31.2917519171,121.213161146,0.858770017052,17.3118103215
1509267780,31.29171011,121.21333633,208,31.2917519171,121.213161146,0.858770017052,17.3118103215
1509267781,31.29183334,121.21332191,208,31.2918652512,121.213188192,0.960214312512,13.2140249604
1509267782,31.29183334,121.21332191,208,31.2918652512,121.213188192,0.960214312512,13.2140249604
1509267783,31.29189488,121.213254,208,31.291908142,121.213198428,0.998605463347,5.49159640105
1509267784,31.29189488,121.213254,208,31.291908142,121.213198428,0.998605463347,5.49159640105
1509267785,31.29195203,121.21321111,210,31.291952899,121.213205543,0.0482657109406,0.538761362997
1509267786,31.29195203,121.21321111,210,31.291952899,121.213205543,0.0482657109406,0.538761362997
1509267787,31.29203678,121.21326007,210,31.2920430935,121.213219621,0.149039004339,3.91435255429
1509267788,31.29203678,121.21326007,210,31.2920430935,121.213219621,0.149039004339,3.91435255429
1509267789,31.29214955,121.21328104,210,31.2921563768,121.213237302,0.275609077226,4.23256738839
1509267790,31.29214955,121.21328104,210,31.2921563768,121.213237302,0.275609077226,4.23256738839
1509267791,31.29220264,121.21329305,210,31.2922100341,121.213245677,0.335559823369,4.58432628062
1509267792,31.29220264,121.21329305,210,31.2922100341,121.213245677,0.335559823369,4.58432628062
1509267793,31.29218146,121.21329374,210,31.292189463,121.213242466,0.312575918359,4.9618137916
1509267794,31.29218146,121.21329374,210,31.292189463,121.213242466,0.312575918359,4.9618137916
1509267795,31.29215432,121.21328459,210,31.2921615742,121.213238113,0.281416155801,4.49760044266
1509267796,31.29215432,121.21328459,210,31.2921615742,121.213238113,0.281416155801,4.49760044266
1509267797,31.29212321,121.21329088,210,31.2921321625,121.213233523,0.248554796413,5.5505389579
1509267799,31.29212321,121.21329088,210,31.2921321625,121.213233523,0.248554796413,5.5505389579
1509267800,31.29209477,121.21329365,210,31.292104821,121.213229255,0.218006395436,6.23157456822
1509267801,31.29209477,121.21329365,210,31.292104821,121.213229255,0.218006395436,6.23157456822
1509267802,31.29210745,121.21329797,210,31.2921178576,121.21323129,0.232572127274,6.45271462513
1509267803,31.29210745,121.21329797,210,31.2921178576,121.21323129,0.232572127274,6.45271462513
1509267804,31.29212085,121.21330672,210,31.2921322722,121.21323354,0.248677350002,7.08173925206
1509267805,31.29212085,121.21330672,210,31.2921322722,121.21323354,0.248677350002,7.08173925206
1509267806,31.29212225,121.21330719,210,31.2921337105,121.213233764,0.250284366964,7.10549672063
1509267807,31.29212225,121.21330719,210,31.2921337105,121.213233764,0.250284366964,7.10549672063
1509267808,31.29212715,121.21330758,210,31.2921385534,121.21323452,0.25569527177,7.07008828465
1509267809,31.29212715,121.21330758,210,31.2921385534,121.21323452,0.25569527177,7.07008828465
1509267810,31.2921347,121.21330572,210,31.2921456404,121.213235626,0.263613528873,6.7830479698
1509267811,31.2921347,121.21330572,210,31.2921456404,121.213235626,0.263613528873,6.7830479698
1509267812,31.29214217,121.21329919,210,31.2921519378,121.213236609,0.27064949531,6.05601346308
1509267813,31.29214217,121.21329919,210,31.2921519378,121.213236609,0.27064949531,6.05601346308
1509267814,31.29214217,121.21329919,210,31.2921519378,121.213236609,0.27064949531,6.05601346308
1509267815,31.29219457,121.21331002,210,31.2922047418,121.213244851,0.32964676079,6.30647130463
1509267817,31.29219457,121.21331002,210,31.2922047418,121.213244851,0.32964676079,6.30647130463
1509267818,31.29227713,121.21335506,210,31.2922922011,121.213258502,0.427364034024,9.34407413695
1509267819,31.29227713,121.21335506,210,31.2922922011,121.213258502,0.427364034024,9.34407413695
1509267820,31.29229754,121.21335864,210,31.2923126712,121.213261697,0.45023502372,9.38132540105
Time_cost 1.62800002098
