1509525093,31.28687002,121.2046106,202,31.2868913302,121.204626433,0.462523504076,2.80273038287
1509525094,31.28680751,121.20468418,202,31.2868338733,121.204703767,0.499782910164,3.46732107729
1509525095,31.28680751,121.20468418,202,31.2868338733,121.204703767,0.499782910164,3.46732107729
1509525096,31.28674421,121.20477014,202,31.286770209,121.204789456,0.54106772015,3.41940087437
1509525098,31.28674421,121.20477014,202,31.286770209,121.204789456,0.54106772015,3.41940087437
1509525099,31.28669462,121.20485901,202,31.2867100278,121.204870457,0.580093772944,2.02644152738
1509525100,31.28669462,121.20485901,202,31.2867100278,121.204870457,0.580093772944,2.02644152738
1509525101,31.28664074,121.20492463,202,31.2866594509,121.204938532,0.612891654647,2.46087298924
1509525102,31.28664074,121.20492463,202,31.2866594509,121.204938532,0.612891654647,2.46087298924
1509525103,31.28658597,121.20499543,202,31.2866060778,121.205010369,0.647502866776,2.64458718847
1509525104,31.28658597,121.20499543,202,31.2866060778,121.205010369,0.647502866776,2.64458718847
1509525105,31.28652899,121.20506505,202,31.2865524835,121.205082505,0.68225748727,3.08987699249
1509525106,31.28652899,121.20506505,202,31.2865524835,121.205082505,0.68225748727,3.08987699249
1509525107,31.28645953,121.20514206,202,31.2864909127,121.205165376,0.722184662054,4.1274739719
1509525108,31.28645953,121.20514206,202,31.2864909127,121.205165376,0.722184662054,4.1274739719
1509525109,31.28638288,121.20522874,202,31.2864221554,121.20525792,0.766772079498,5.16553790735
1509525110,31.28638288,121.20522874,202,31.2864221554,121.20525792,0.766772079498,5.16553790735
1509525112,31.28631994,121.20531242,202,31.2863597106,121.205341968,0.807266064094,5.23066193552
1509525113,31.28631994,121.20531242,202,31.2863597106,121.205341968,0.807266064094,5.23066193552
1509525114,31.28623173,121.20541048,202,31.286281394,121.205447379,0.8580524825,6.53185565023
1509525115,31.28623173,121.20541048,202,31.286281394,121.205447379,0.8580524825,6.53185565023
1509525116,31.28617593,121.20548665,202,31.2862250838,121.20552317,0.894568297976,6.46475442228
1509525117,31.28617593,121.20548665,202,31.2862250838,121.20552317,0.894568297976,6.46475442228
1509525118,31.28614201,121.20558752,202,31.2861647314,121.205604401,0.933705393413,2.98833897845
1509525119,31.28614201,121.20558752,202,31.2861647314,121.205604401,0.933705393413,2.98833897845
1509525120,31.28606232,121.20565886,202,31.2861022364,121.205688517,0.974231882405,5.24984643251
1509525121,31.28606232,121.20565886,202,31.2861022364,121.205688517,0.974231882405,5.24984643251
1509525122,31.28600749,121.20571433,254,31.2860559923,121.205750683,0.0430687983963,6.39535856617
1509525123,31.28600749,121.20571433,254,31.2860559923,121.205750683,0.0430687983963,6.39535856617
1509525124,31.28594804,121.20577267,254,31.2860066104,121.205816569,0.369884725637,7.72290901251
1509525125,31.28594804,121.20577267,254,31.2860066104,121.205816569,0.369884725637,7.72290901251
1509525126,31.2858911,121.20583485,254,31.2859562885,121.205883709,0.702921852616,8.59555069487
1509525127,31.2858911,121.20583485,254,31.2859562885,121.205883709,0.702921852616,8.59555069487
1509525128,31.28584817,121.20589815,228,31.2859110724,121.205944049,0.000428378547458,8.23047084952
1509525130,31.28584817,121.20589815,228,31.2859110724,121.205944049,0.000428378547458,8.23047084952
1509525131,31.28579375,121.20602145,228,31.2858334538,121.206050421,0.101909564948,5.19505765914
1509525132,31.28579375,121.20602145,228,31.2858334538,121.206050421,0.101909564948,5.19505765914
1509525133,31.28571683,121.20610183,228,31.2857684545,121.2061395,0.186891971985,6.7548230694
1509525134,31.28571683,121.20610183,228,31.2857684545,121.2061395,0.186891971985,6.7548230694
1509525135,31.28568735,121.20616219,228,31.2857294708,121.206192925,0.237860659957,5.51130742653
1509525136,31.28568735,121.20616219,228,31.2857294708,121.206192925,0.237860659957,5.51130742653
1509525137,31.28567621,121.20618836,228,31.2857131392,121.206215307,0.259213235642,4.8320048381
1509525138,31.28567621,121.20618836,228,31.2857131392,121.206215307,0.259213235642,4.8320048381
1509525139,31.28561555,121.20626988,228,31.2856532465,121.206297387,0.337519002053,4.93240977568
1509525140,31.28561555,121.20626988,228,31.2856532465,121.206297387,0.337519002053,4.93240977568
1509525141,31.28555609,121.20634941,228,31.2855947183,121.206377597,0.414040781379,5.05433794279
1509525142,31.28555609,121.20634941,228,31.2855947183,121.206377597,0.414040781379,5.05433794279
1509525143,31.28549869,121.20643341,228,31.2855347775,121.206459743,0.492409562382,4.72188076781
1509525144,31.28549869,121.20643341,228,31.2855347775,121.206459743,0.492409562382,4.72188076781
1509525145,31.28543158,121.20652305,228,31.2854681299,121.20655028,0.579050921498,4.81091597888
1509525146,31.28543158,121.20652305,228,31.2854681299,121.20655028,0.579050921498,4.81091597888
1509525148,31.28534533,121.20665658,228,31.2853733712,121.206677471,0.701284862576,3.69095042539
1509525149,31.28534533,121.20665658,228,31.2853733712,121.206677471,0.701284862576,3.69095042539
1509525150,31.28528011,121.20673836,228,31.2853109119,121.206761308,0.781854246237,4.05432696649
1509525151,31.28528011,121.20673836,228,31.2853109119,121.206761308,0.781854246237,4.05432696649
1509525152,31.28519533,121.20683002,228,31.2852367375,121.206860869,0.877535405039,5.45030879764
1509525153,31.28519533,121.20683002,228,31.2852367375,121.206860869,0.877535405039,5.45030879764
1509525154,31.28514195,121.2069076,228,31.2851805164,121.206936332,0.950057756098,5.0763496338
1509525155,31.28514195,121.2069076,228,31.2851805164,121.206936332,0.950057756098,5.0763496338
1509525156,31.28509414,121.20697865,230,31.2851295825,121.207004836,0.0208028226856,4.6539586767
1509525157,31.28509414,121.20697865,230,31.2851295825,121.207004836,0.0208028226856,4.6539586767
1509525158,31.28503386,121.20700981,230,31.285093404,121.207053803,0.0824042870028,7.81872501254
1509525159,31.28503386,121.20700981,230,31.285093404,121.207053803,0.0824042870028,7.81872501254
1509525160,31.28498277,121.20710418,230,31.2850302601,121.207139267,0.189919884307,6.23592560665
1509525161,31.28492926,121.20718855,230,31.284971041,121.207219419,0.290752620356,5.48626823994
1509525163,31.28492926,121.20718855,230,31.284971041,121.207219419,0.290752620356,5.48626823994
1509525164,31.28490615,121.20725387,230,31.2849316614,121.207272719,0.357804445254,3.34991296248
1509525165,31.28490615,121.20725387,230,31.2849316614,121.207272719,0.357804445254,3.34991296248
1509525166,31.28484917,121.20730804,230,31.2848856508,121.207334993,0.436147076243,4.79030398655
1509525167,31.28484917,121.20730804,230,31.2848856508,121.207334993,0.436147076243,4.79030398655
1509525168,31.28480203,121.2073966,230,31.2848266786,121.207414811,0.536559587743,3.23660703037
1509525169,31.28480203,121.2073966,230,31.2848266786,121.207414811,0.536559587743,3.23660703037
1509525170,31.28475311,121.20750523,230,31.2847574855,121.207508463,0.654375107048,0.57454790977
1509525171,31.28475311,121.20750523,230,31.2847574855,121.207508463,0.654375107048,0.57454790977
1509525172,31.28471059,121.2075837,230,31.284704967,121.207579546,0.743798668354,0.738352063764
1509525173,31.28471059,121.2075837,230,31.284704967,121.207579546,0.743798668354,0.738352063764
1509525174,31.28466607,121.20765258,230,31.2846563258,121.207645381,0.826620494559,1.27951576483
1509525175,31.28466607,121.20765258,230,31.2846563258,121.207645381,0.826620494559,1.27951576483
1509525176,31.28461422,121.20771655,230,31.2846074428,121.207711543,0.909853822837,0.889909597322
1509525177,31.28461422,121.20771655,230,31.2846074428,121.207711543,0.909853822837,0.889909597322
1509525178,31.28455371,121.20777895,332,31.2845519436,121.207781069,0.0169101731913,0.281160015798
1509525179,31.28455371,121.20777895,332,31.2845519436,121.207781069,0.0169101731913,0.281160015798
1509525181,31.28453986,121.20776334,332,31.2845360955,121.207767855,0.121743187356,0.599201797159
1509525182,31.28453986,121.20776334,332,31.2845360955,121.207767855,0.121743187356,0.599201797159
1509525183,31.28448992,121.20782641,332,31.284537656,121.207769156,0.111420974785,7.59823385763
1509525184,31.28448992,121.20782641,332,31.284537656,121.207769156,0.111420974785,7.59823385763
1509525185,31.28444794,121.20790728,334,0,0,0,0
1509525185,31.28444794,121.20790728,334,0,0,0,0
1509525185,31.28444794,121.20790728,336,31.2843047253,121.207918609,0.366517191379,15.9154430885
1509525186,31.28444794,121.20790728,336,31.2843047253,121.207918609,0.366517191379,15.9154430885
1509525187,31.28439361,121.20798701,336,31.2843424778,121.208021537,0.941815823011,6.5535579024
1509525188,31.28439361,121.20798701,336,31.2843424778,121.208021537,0.941815823011,6.5535579024
1509525189,31.28434659,121.20805461,304,31.2843366605,121.208047227,0.0207016866339,1.30621187842
1509525190,31.28434659,121.20805461,304,31.2843366605,121.208047227,0.0207016866339,1.30621187842
1509525191,31.28429712,121.20813019,304,31.2842828604,121.208119588,0.112448237422,1.8758427369
1509525192,31.28429712,121.20813019,304,31.2842828604,121.208119588,0.112448237422,1.8758427369
1509525193,31.28424214,121.20821566,304,31.2842223631,121.208200956,0.215615393367,2.60162818247
1509525194,31.28424214,121.20821566,304,31.2842223631,121.208200956,0.215615393367,2.60162818247
1509525195,31.28418155,121.20829058,304,31.2841649203,121.208278216,0.313573919952,2.18762789142
1509525196,31.28418155,121.20829058,304,31.2841649203,121.208278216,0.313573919952,2.18762789142
1509525197,31.28401986,121.20840188,304,31.2840540665,121.208427313,0.502615160899,4.49983145302
1509525199,31.28401986,121.20840188,304,31.2840540665,121.208427313,0.502615160899,4.49983145302
1509525200,31.28398089,121.20843791,304,31.2840229414,121.208469175,0.55569332382,5.53183041144
1509525201,31.28398089,121.20843791,304,31.2840229414,121.208469175,0.55569332382,5.53183041144
1509525202,31.28391592,121.20851141,304,31.2839646192,121.208547618,0.65515144563,6.40633838905
1509525203,31.28391592,121.20851141,304,31.2839646192,121.208547618,0.65515144563,6.40633838905
1509525204,31.2838609,121.20858573,304,31.2839094465,121.208621824,0.749238537249,6.38625574431
1509525205,31.2838609,121.20858573,304,31.2839094465,121.208621824,0.749238537249,6.38625574431
1509525206,31.28380832,121.20866006,304,31.2838551377,121.208694869,0.841852484281,6.1588320295
1509525207,31.28380832,121.20866006,304,31.2838551377,121.208694869,0.841852484281,6.1588320295
1509525208,31.28375277,121.2087326,304,31.2838006286,121.208768183,0.934807906278,6.29576795921
1509525209,31.28375277,121.2087326,304,31.2838006286,121.208768183,0.934807906278,6.29576795921
1509525210,31.28370625,121.20880244,306,31.2837516502,121.208834719,0.0146875600598,5.89792444614
1509525211,31.28370625,121.20880244,306,31.2837516502,121.208834719,0.0146875600598,5.89792444614
1509525213,31.2836666,121.20887129,306,31.2837058215,121.208899176,0.0773036178592,5.09525274409
1509525214,31.2836666,121.20887129,306,31.2837058215,121.208899176,0.0773036178592,5.09525274409
1509525215,31.2836204,121.20895706,306,31.2836498028,121.208977965,0.153842328868,3.81971072871
1509525216,31.2836204,121.20895706,306,31.2836498028,121.208977965,0.153842328868,3.81971072871
1509525217,31.28356474,121.20904936,306,31.2835875238,121.209065559,0.238934538903,2.95983997586
1509525218,31.28356474,121.20904936,306,31.2835875238,121.209065559,0.238934538903,2.95983997586
1509525219,31.28350568,121.20910553,306,31.283541166,121.20913076,0.302273568344,4.60997607893
1509525220,31.28350568,121.20910553,306,31.283541166,121.20913076,0.302273568344,4.60997607893
1509525221,31.28341051,121.20917742,306,31.2834752593,121.209223457,0.39232227997,8.41157372399
1509525222,31.28341051,121.20917742,306,31.2834752593,121.209223457,0.39232227997,8.41157372399
1509525223,31.28338518,121.20920678,306,31.2834528885,121.209254921,0.422887645839,8.79600461002
1509525224,31.28338518,121.20920678,306,31.2834528885,121.209254921,0.422887645839,8.79600461002
1509525225,31.28333344,121.20928146,306,31.283400247,121.20932896,0.494812098498,8.67889123776
1509525226,31.28333344,121.20928146,306,31.283400247,121.20932896,0.494812098498,8.67889123776
1509525227,31.28327609,121.2093585,306,31.2833446073,121.209407216,0.570833066587,8.90107140898
1509525228,31.28327609,121.2093585,306,31.2833446073,121.209407216,0.570833066587,8.90107140898
1509525229,31.28319523,121.20944692,306,31.2832756991,121.209504133,0.664982775449,10.4537341101
1509525231,31.28319523,121.20944692,306,31.2832756991,121.209504133,0.664982775449,10.4537341101
1509525232,31.28313703,121.20953967,306,31.2832123547,121.209593226,0.751530633269,9.78543019586
1509525233,31.28313703,121.20953967,306,31.2832123547,121.209593226,0.751530633269,9.78543019586
1509525234,31.28307221,121.209604,306,31.2831602092,121.209666567,0.822777464441,11.431968178
1509525235,31.28307221,121.209604,306,31.2831602092,121.209666567,0.822777464441,11.431968178
1509525236,31.28303221,121.20971956,306,31.2830922036,121.209762215,0.915693884109,7.79377268022
1509525237,31.28303221,121.20971956,306,31.2830922036,121.209762215,0.915693884109,7.79377268022
1509525238,31.28297944,121.20981479,308,31.2830295155,121.209850385,0.000371246404736,6.5048852144
1509525239,31.28297944,121.20981479,308,31.2830295155,121.209850385,0.000371246404736,6.5048852144
1509525240,31.28296113,121.2098665,308,31.2829989507,121.209893384,0.0118968645152,4.91296548896
1509525241,31.28296113,121.2098665,308,31.2829989507,121.209893384,0.0118968645152,4.91296548896
1509525242,31.28292263,121.20994662,308,31.2829481928,121.209964791,0.0310370366355,3.32064877601
1509525243,31.28292263,121.20994662,308,31.2829481928,121.209964791,0.0310370366355,3.32064877601
1509525244,31.28288029,121.21002331,308,31.2828977657,121.210035732,0.0500524843829,2.27011975374
1509525246,31.28288029,121.21002331,308,31.2828977657,121.210035732,0.0500524843829,2.27011975374
1509525247,31.28280012,121.21008328,308,31.2828425358,121.21011343,0.0708790084152,5.50987832521
1509525248,31.28280012,121.21008328,308,31.2828425358,121.21011343,0.0708790084152,5.50987832521
1509525249,31.28273684,121.21015119,308,31.2827892259,121.210188427,0.0909815232169,6.80501023662
1509525250,31.28273684,121.21015119,308,31.2827892259,121.210188427,0.0909815232169,6.80501023662
1509525251,31.28268499,121.21027127,308,31.2827151167,121.210292685,0.118927170557,3.91351215458
1509525252,31.28268499,121.21027127,308,31.2827151167,121.210292685,0.118927170557,3.91351215458
1509525253,31.28265048,121.21034144,308,31.2826703968,121.210355597,0.135790505225,2.58722640809
1509525254,31.28265048,121.21034144,308,31.2826703968,121.210355597,0.135790505225,2.58722640809
1509525255,31.28259357,121.21041973,308,31.2826143234,121.210434482,0.156935090602,2.69590497738
1509525256,31.28259357,121.21041973,308,31.2826143234,121.210434482,0.156935090602,2.69590497738
1509525257,31.28252939,121.21049632,308,31.2825565937,121.210515666,0.178698672138,3.53423068837
1509525258,31.28252939,121.21049632,308,31.2825565937,121.210515666,0.178698672138,3.53423068837
1509525259,31.28247493,121.21057007,308,31.2825030691,121.210590293,0.198762747021,3.66631421582
1509525260,31.28247493,121.21057007,308,31.2825030691,121.210590293,0.198762747021,3.66631421582
1509525261,31.28244219,121.21063921,308,31.2824591525,121.210651401,0.215203232087,2.21009136414
1509525262,31.28244219,121.21063921,308,31.2824591525,121.210651401,0.215203232087,2.21009136414
1509525264,31.28238268,121.21071389,308,31.2824083481,121.210728638,0.235425888689,3.17353489066
1509525265,31.28238268,121.21071389,308,31.2824083481,121.210728638,0.235425888689,3.17353489066
1509525266,31.2823426,121.21077828,308,31.2823705872,121.21079436,0.251985714589,3.4602687619
1509525267,31.2823426,121.21077828,308,31.2823705872,121.21079436,0.251985714589,3.4602687619
1509525268,31.28228528,121.21086418,308,31.2823218067,121.210882792,0.274056419701,4.42066183472
1509525269,31.28228528,121.21086418,308,31.2823218067,121.210882792,0.274056419701,4.42066183472
1509525270,31.28225174,121.21095983,308,31.2822762019,121.210972294,0.296002394708,2.96050958775
1509525271,31.28225174,121.21095983,308,31.2822762019,121.210972294,0.296002394708,2.96050958775
1509525272,31.28221914,121.21105328,308,31.2822316807,121.21105967,0.317426881686,1.5177458778
1509525273,31.28221914,121.21105328,308,31.2822316807,121.21105967,0.317426881686,1.5177458778
1509525274,31.2821872,121.21115016,308,31.282189988,121.211151404,0.339444547697,0.331023704038
1509525275,31.2821872,121.21115016,308,31.282189988,121.211151404,0.339444547697,0.331023704038
1509525276,31.28215037,121.21124436,308,31.2821488264,121.211243671,0.361517485916,0.183274706707
1509525277,31.28215037,121.21124436,308,31.2821488264,121.211243671,0.361517485916,0.183274706707
1509525278,31.28211886,121.2113356,308,31.2821108883,121.211333124,0.382765047711,0.914774230903
1509525279,31.28211886,121.2113356,308,31.2821108883,121.211333124,0.382765047711,0.914774230903
1509525280,31.28206553,121.21143706,308,31.2820774503,121.211440763,0.407389951998,1.367887946
1509525282,31.28206553,121.21143706,308,31.2820774503,121.211440763,0.407389951998,1.367887946
1509525283,31.28203505,121.21152895,308,31.2820487347,121.211533201,0.428537212882,1.57034874577
1509525284,31.28203505,121.21152895,308,31.2820487347,121.211533201,0.428537212882,1.57034874577
1509525285,31.28199356,121.2116431,308,31.2820169254,121.211648686,0.454721559192,2.64465131478
1509525286,31.28199356,121.2116431,308,31.2820169254,121.211648686,0.454721559192,2.64465131478
1509525287,31.28196094,121.21172649,308,31.2819963052,121.211734944,0.474097735385,4.00287030588
1509525288,31.28196094,121.21172649,308,31.2819963052,121.211734944,0.474097735385,4.00287030588
1509525289,31.28193946,121.21181274,308,31.2819756404,121.211821389,0.493515765189,4.09514646429
1509525290,31.28193946,121.21181274,308,31.2819756404,121.211821389,0.493515765189,4.09514646429
1509525291,31.28191866,121.21189438,308,31.2819560549,121.211903319,0.511919692074,4.23260821218
1509525292,31.28191866,121.21189438,308,31.2819560549,121.211903319,0.511919692074,4.23260821218
1509525293,31.2818904,121.21199517,308,31.2819356744,121.21200077,0.533696454623,5.04800953351
1509525294,31.2818904,121.21199517,308,31.2819356744,121.21200077,0.533696454623,5.04800953351
1509525295,31.28185252,121.21210589,308,31.2819216151,121.212114436,0.558718765123,7.70397584875
1509525297,31.28185252,121.21210589,308,31.2819216151,121.212114436,0.558718765123,7.70397584875
1509525298,31.28180091,121.21220493,308,31.2819087719,121.212218271,0.581576821669,12.0263963946
1509525300,31.28177438,121.21229928,308,31.2819009914,121.212307511,0.601155012376,14.0598095136
1509525301,31.28177438,121.21229928,308,31.2819009914,121.212307511,0.601155012376,14.0598095136
1509525302,31.28177319,121.21245989,308,31.2818905893,121.212467522,0.636186973987,13.0368436997
1509525303,31.28177319,121.21245989,308,31.2818905893,121.212467522,0.636186973987,13.0368436997
1509525304,31.2817792,121.21248195,308,31.2818891866,121.2124891,0.640911167286,12.2136801044
1509525305,31.2817792,121.21248195,308,31.2818891866,121.2124891,0.640911167286,12.2136801044
1509525306,31.28176959,121.21255494,308,31.2818884,121.21255494,0.655301030538,13.1729780521
1509525307,31.28176959,121.21255494,308,31.2818884,121.21255494,0.655301030538,13.1729780521
1509525308,31.2817721,121.21264585,308,31.2818884,121.21264585,0.675162443419,12.8946835103
1509525309,31.2817721,121.21264585,308,31.2818884,121.21264585,0.675162443419,12.8946835103
1509525310,31.28178629,121.2127539,308,31.2818884,121.2127539,0.698768489641,11.3213769091
1509525311,31.28178629,121.2127539,308,31.2818884,121.2127539,0.698768489641,11.3213769091
1509525312,31.28179475,121.21286047,308,31.2818884424,121.212860304,0.722014885234,10.3880945654
1509525313,31.28179475,121.21286047,308,31.2818884424,121.212860304,0.722014885234,10.3880945654
1509525315,31.28176011,121.2129573,308,31.2818886141,121.212957072,0.743156199501,14.2478219203
1509525316,31.28176011,121.2129573,308,31.2818886141,121.212957072,0.743156199501,14.2478219203
1509525317,31.28177424,121.21310471,308,31.2818888757,121.213104507,0.775366783608,12.7101696614
1509525318,31.28177424,121.21310471,308,31.2818888757,121.213104507,0.775366783608,12.7101696614
1509525319,31.28178961,121.21328109,308,31.2818891887,121.213280913,0.813907011565,11.0407325443
1509525320,31.28178961,121.21328109,308,31.2818891887,121.213280913,0.813907011565,11.0407325443
1509525321,31.28181662,121.21334335,308,31.2818892992,121.213343221,0.827519611313,8.05827101827
1509525322,31.28181662,121.21334335,308,31.2818892992,121.213343221,0.827519611313,8.05827101827
1509525323,31.28182142,121.21343396,308,31.28188946,121.213433839,0.847317311664,7.54390029999
1509525324,31.28182142,121.21343396,308,31.28188946,121.213433839,0.847317311664,7.54390029999
1509525325,31.28182498,121.21354526,308,31.2818896575,121.213545145,0.871634737992,7.17108363675
1509525326,31.28182498,121.21354526,308,31.2818896575,121.213545145,0.871634737992,7.17108363675
1509525327,31.28182565,121.2136516,308,31.2818898462,121.213651486,0.894867417911,7.11771738296
1509525329,31.28182565,121.2136516,308,31.2818898462,121.213651486,0.894867417911,7.11771738296
1509525331,31.28182129,121.21375776,308,31.2818900345,121.213757638,0.918058822905,7.6220124418
1509525333,31.28181096,121.21392653,308,31.2818903339,121.213926389,0.95492650908,8.8005426246
1509525334,31.2817943,121.2140236,308,31.2818905061,121.214023429,0.976127226505,10.6668009034
1509525335,31.2817943,121.2140236,308,31.2818905061,121.214023429,0.976127226505,10.6668009034
1509525336,31.28176828,121.21414911,428,31.2818912391,121.214141919,0.0898577643313,13.6501951224
1509525337,31.28176828,121.21414911,428,31.2818912391,121.214141919,0.0898577643313,13.6501951224
1509525338,31.28177789,121.2141523,428,31.2818914578,121.214145659,0.126302216506,12.6076250137
1509525339,31.28177789,121.2141523,428,31.2818914578,121.214145659,0.126302216506,12.6076250137
1509525340,31.28177956,121.21422029,428,31.281895426,121.214213514,0.787662883665,12.8627535548
1509525341,31.28177956,121.21422029,428,31.281895426,121.214213514,0.787662883665,12.8627535548
1509525342,31.28177019,121.21428366,430,31.2818969071,121.214283111,0.0215121058518,14.0497667601
1509525343,31.28177019,121.21428366,430,31.2818969071,121.214283111,0.0215121058518,14.0497667601
1509525344,31.28177019,121.21428366,430,31.2818969071,121.214283111,0.0215121058518,14.0497667601
1509525345,31.28177341,121.21442043,430,31.2818974995,121.214419893,0.0830553620454,13.7584327296
1509525347,31.28177341,121.21442043,430,31.2818974995,121.214419893,0.0830553620454,13.7584327296
1509525348,31.28179545,121.21452603,430,31.2819061652,121.214512333,0.124884943886,12.3445745394
1509525349,31.28179545,121.21452603,430,31.2819061652,121.214512333,0.124884943886,12.3445745394
1509525350,31.28181958,121.21462424,430,31.2819184961,121.214612002,0.170071709989,11.0289863005
1509525351,31.28181958,121.21462424,430,31.2819184961,121.214612002,0.170071709989,11.0289863005
1509525352,31.28184868,121.21472597,430,31.2819417837,121.214697288,0.209941713074,10.6780054942
1509525353,31.28184868,121.21472597,430,31.2819417837,121.214697288,0.209941713074,10.6780054942
1509525354,31.28188615,121.21480707,430,31.2819678503,121.214781901,0.249777655598,9.37015749136
1509525355,31.28188615,121.21480707,430,31.2819678503,121.214781901,0.249777655598,9.37015749136
1509525356,31.28192356,121.21488413,430,31.2819965739,121.214853985,0.284708420539,8.58920026355
1509525357,31.28192356,121.21488413,430,31.2819965739,121.214853985,0.284708420539,8.58920026355
1509525358,31.28196437,121.21496443,430,31.2820308419,121.214936986,0.325111076999,7.81960467939
1509525359,31.28196437,121.21496443,430,31.2820308419,121.214936986,0.325111076999,7.81960467939
1509525360,31.28199802,121.21503776,430,31.2820645585,121.215001784,0.357999404047,8.13398421704
1509525361,31.28199802,121.21503776,430,31.2820645585,121.215001784,0.357999404047,8.13398421704
1509525362,31.28202412,121.21511268,430,31.2821018073,121.215070676,0.393237022236,9.49687051852
1509525363,31.28202412,121.21511268,430,31.2821018073,121.215070676,0.393237022236,9.49687051852
1509525365,31.28209436,121.2151746,430,31.2821470397,121.215114742,0.421870448287,8.16102440602
1509525366,31.28209436,121.2151746,430,31.2821470397,121.215114742,0.421870448287,8.16102440602
1509525367,31.28218511,121.21528813,430,31.2822495667,121.215197955,0.481355179496,11.1715319724
1509525368,31.28218511,121.21528813,430,31.2822495667,121.215197955,0.481355179496,11.1715319724
1509525369,31.28223474,121.21531704,430,31.2822960908,121.21523121,0.507085766711,10.6332162566
1509525370,31.28223474,121.21531704,430,31.2822960908,121.21523121,0.507085766711,10.6332162566
1509525371,31.28233925,121.21538789,430,31.2823998126,121.215312346,0.566351119466,9.84045478036
1509525372,31.28233925,121.21538789,430,31.2823998126,121.215312346,0.566351119466,9.84045478036
1509525373,31.28237579,121.21541766,430,31.2824365852,121.215341825,0.587556773881,9.87824177338
1509525374,31.28237579,121.21541766,430,31.2824365852,121.215341825,0.587556773881,9.87824177338
1509525375,31.28244234,121.2154656,430,31.282500494,121.21539306,0.624411106385,9.44909067056
1509525376,31.28244234,121.2154656,430,31.282500494,121.21539306,0.624411106385,9.44909067056
1509525377,31.28250971,121.21552471,430,31.2825703533,121.215449065,0.66469689406,9.8535564097
1509525378,31.28250971,121.21552471,430,31.2825703533,121.215449065,0.66469689406,9.8535564097
1509525379,31.28256987,121.21558268,430,31.2826352671,121.215501105,0.702130766408,10.6259688904
1509525380,31.28256987,121.21558268,430,31.2826352671,121.215501105,0.702130766408,10.6259688904
1509525381,31.28262798,121.21564475,430,31.2827009339,121.215553749,0.739998852875,11.85381729
1509525383,31.28262798,121.21564475,430,31.2827009339,121.215553749,0.739998852875,11.85381729
1509525384,31.28268525,121.21571831,430,31.2827716968,121.215610478,0.780805706772,14.0462278077
1509525385,31.28268525,121.21571831,430,31.2827716968,121.215610478,0.780805706772,14.0462278077
1509525386,31.28274464,121.21582148,430,31.2828582007,121.215679827,0.830689984737,18.4518086633
1509525387,31.28274464,121.21582148,430,31.2828582007,121.215679827,0.830689984737,18.4518086633
1509525388,31.28287763,121.2159285,430,31.2829913881,121.215786601,0.907495183833,18.4838589151
1509525389,31.28287763,121.2159285,430,31.2829913881,121.215786601,0.907495183833,18.4838589151
1509525390,31.28295471,121.21594994,430,31.2830487743,121.215832606,0.940588149688,15.2839386554
1509525391,31.28295471,121.21594994,430,31.2830487743,121.215832606,0.940588149688,15.2839386554
1509525392,31.28304023,121.2160043,382,31.2830860541,121.216030443,0.340652208863,5.65777273176
1509525393,31.28304023,121.2160043,382,31.2830860541,121.216030443,0.340652208863,5.65777273176
1509525394,31.28312117,121.21605271,383,31.2830850927,121.216032128,0.654366225739,4.45436238473
1509525395,31.28312117,121.21605271,383,31.2830850927,121.216032128,0.654366225739,4.45436238473
1509525396,31.28319722,121.21609628,432,31.2832678225,121.216008194,0.0298332397191,11.4729855963
1509525397,31.28319722,121.21609628,432,31.2832678225,121.216008194,0.0298332397191,11.4729855963
1509525398,31.28328192,121.21614063,432,31.2833410356,121.216066875,0.0486587800316,9.6063543577
1509525399,31.28328192,121.21614063,432,31.2833410356,121.216066875,0.0486587800316,9.6063543577
1509525400,31.28338995,121.21620781,432,31.2834395945,121.216145872,0.0740015672213,8.06729159388
1509525402,31.28338995,121.21620781,432,31.2834395945,121.216145872,0.0740015672213,8.06729159388
1509525403,31.28345691,121.21620445,432,31.2834787238,121.216177234,0.084063003084,3.54476560639
1509525404,31.28345691,121.21620445,432,31.2834787238,121.216177234,0.084063003084,3.54476560639
1509525405,31.28351073,121.21627623,432,31.2835465215,121.216231575,0.101496055033,5.81615675051
1509525406,31.28351073,121.21627623,432,31.2835465215,121.216231575,0.101496055033,5.81615675051
1509525407,31.28359262,121.21633673,432,31.2836212083,121.216286725,0.120166897026,5.72004515395
1509525408,31.28359262,121.21633673,432,31.2836212083,121.216286725,0.120166897026,5.72004515395
1509525409,31.28366724,121.21638352,432,31.2836976075,121.216330403,0.137823813816,6.07603636632
1509525410,31.28366724,121.21638352,432,31.2836976075,121.216330403,0.137823813816,6.07603636632
1509525411,31.28374689,121.21642365,432,31.2837672467,121.216351997,0.152490878897,7.18642991922
1509525412,31.28374689,121.21642365,432,31.2837672467,121.216351997,0.152490878897,7.18642991922
1509525413,31.28381501,121.21645623,432,31.2838278,121.2163692,0.165121030421,8.40742396399
1509525414,31.28381501,121.21645623,432,31.2838278,121.2163692,0.165121030421,8.40742396399
1509525415,31.28385195,121.21649964,432,31.2838618941,121.216371853,0.171982327193,12.2177387784
1509525416,31.28385195,121.21649964,432,31.2838618941,121.216371853,0.171982327193,12.2177387784
1509525417,31.28387162,121.21654288,432,31.2838847903,121.216373635,0.176590088612,16.1815714638
1509525418,31.28387162,121.21654288,432,31.2838847903,121.216373635,0.176590088612,16.1815714638
1509525420,31.28391798,121.21662213,432,31.2839370013,121.216377698,0.187097307759,23.3702128715
1509525421,31.28391798,121.21662213,432,31.2839370013,121.216377698,0.187097307759,23.3702128715
1509525422,31.28407539,121.2165701,432,31.2840818383,121.216383937,0.216188449707,17.7408847456
1509525423,31.28407539,121.2165701,432,31.2840818383,121.216383937,0.216188449707,17.7408847456
1509525424,31.28419674,121.21654306,432,31.2841958429,121.216384877,0.239067200938,15.0625227932
1509525425,31.28419674,121.21654306,432,31.2841958429,121.216384877,0.239067200938,15.0625227932
1509525426,31.28423567,121.21655703,432,31.2842346924,121.216384656,0.246862056531,16.4137473611
1509525427,31.28423567,121.21655703,432,31.2842346924,121.216384656,0.246862056531,16.4137473611
1509525428,31.28430732,121.21657379,432,31.284306245,121.216384251,0.261218541233,18.0482950932
1509525429,31.28430732,121.21657379,432,31.284306245,121.216384251,0.261218541233,18.0482950932
1509525430,31.28438435,121.21658235,432,31.284383224,121.216383814,0.276663777561,18.9049514986
1509525431,31.28438435,121.21658235,432,31.284383224,121.216383814,0.276663777561,18.9049514986
1509525432,31.28445871,121.21659886,432,31.284457488,121.216383393,0.291564269804,20.5171530552
1509525433,31.28445871,121.21659886,432,31.284457488,121.216383393,0.291564269804,20.5171530552
1509525434,31.28445871,121.21659886,432,31.284457488,121.216383393,0.291564269804,20.5171530552
1509525435,31.28461133,121.21663031,432,31.2846099247,121.216382528,0.322149520506,23.5941607862
1509525436,31.28461133,121.21663031,432,31.2846099247,121.216382528,0.322149520506,23.5941607862
1509525438,31.2848929,121.2164643,432,31.2848924271,121.216380926,0.378831453188,7.93893323764
1509525439,31.2848929,121.2164643,432,31.2848924271,121.216380926,0.378831453188,7.93893323764
1509525440,31.28498451,121.21644193,432,31.284984145,121.216380383,0.397233950056,5.86054008995
1509525441,31.28498451,121.21644193,432,31.284984145,121.216380383,0.397233950056,5.86054008995
1509525442,31.28506131,121.21643629,432,31.2850609757,121.216379927,0.412649469175,5.36688260205
1509525443,31.28506131,121.21643629,432,31.2850609757,121.216379927,0.412649469175,5.36688260205
1509525444,31.28515194,121.21640697,432,31.2851325186,121.216354927,0.427908235315,5.40306516489
1509525445,31.28515194,121.21640697,432,31.2851325186,121.216354927,0.427908235315,5.40306516489
1509525446,31.28523862,121.21636496,432,31.2852223637,121.216321399,0.447148995798,4.5225192537
1509525447,31.28523862,121.21636496,432,31.2852223637,121.216321399,0.447148995798,4.5225192537
1509525449,31.2853211,121.21632478,432,31.285289194,121.216277086,0.46324511344,5.75655409457
1509525450,31.28538757,121.21628608,432,31.2853529989,121.216234402,0.478647315361,6.23739761067
1509525452,31.28538757,121.21628608,432,31.2853529989,121.216234402,0.478647315361,6.23739761067
1509525453,31.28543473,121.2162691,432,31.2853797398,121.216212909,0.485560309392,8.11173601151
1509525454,31.28550803,121.21616305,432,31.2854701941,121.216124388,0.510953606037,5.58126775544
1509525456,31.28550803,121.21616305,432,31.2854701941,121.216124388,0.510953606037,5.58126775544
1509525457,31.28554755,121.21609736,432,31.2855099308,121.216071478,0.524271975669,4.84467085941
1509525458,31.28554755,121.21609736,432,31.2855099308,121.216071478,0.524271975669,4.84467085941
1509525459,31.28558451,121.21602668,432,31.2855548103,121.216006246,0.540158351952,3.82477568064
1509525460,31.28558451,121.21602668,432,31.2855548103,121.216006246,0.540158351952,3.82477568064
1509525461,31.28563036,121.2159495,432,31.2856002627,121.215931742,0.557676055089,3.74094211898
1509525462,31.28563036,121.2159495,432,31.2856002627,121.215931742,0.557676055089,3.74094211898
1509525463,31.2856766,121.21586936,432,31.2856472768,121.215852059,0.576238961441,3.64472896717
1509525464,31.2856766,121.21586936,432,31.2856472768,121.215852059,0.576238961441,3.64472896717
1509525465,31.28571562,121.21579692,432,31.2856890566,121.215781247,0.592735159662,3.301706644
1509525466,31.28571562,121.21579692,432,31.2856890566,121.215781247,0.592735159662,3.301706644
1509525467,31.28575323,121.21574466,432,31.2857216403,121.215726022,0.605600428108,3.92644806079
1509525468,31.28575323,121.21574466,432,31.2857216403,121.215726022,0.605600428108,3.92644806079
1509525470,31.28579919,121.2156945,432,31.2857554611,121.215668699,0.618954142009,5.4352903799
1509525471,31.28579919,121.2156945,432,31.2857554611,121.215668699,0.618954142009,5.4352903799
1509525472,31.28588505,121.21563496,432,31.2858036902,121.215586957,0.63799679545,10.1126232244
1509525473,31.28588505,121.21563496,432,31.2858036902,121.215586957,0.63799679545,10.1126232244
1509525474,31.28588758,121.21566147,432,31.2857927412,121.215605514,0.633673727,11.7879951758
1509525475,31.28588758,121.21566147,432,31.2857927412,121.215605514,0.633673727,11.7879951758
1509525476,31.28598662,121.21551803,432,31.2858810897,121.215455769,0.668557852137,13.1167709888
1509525477,31.28598662,121.21551803,432,31.2858810897,121.215455769,0.668557852137,13.1167709888
1509525478,31.28602109,121.21545791,432,31.2859163013,121.215396086,0.682461216781,13.0245864244
1509525479,31.28602109,121.21545791,432,31.2859163013,121.215396086,0.682461216781,13.0245864244
1509525480,31.28606478,121.21538384,432,31.2859599988,121.215322021,0.699715218994,13.0236551742
1509525481,31.28606478,121.21538384,432,31.2859599988,121.215322021,0.699715218994,13.0236551742
1509525482,31.28610854,121.21530876,432,31.2860041564,121.215247175,0.717150891408,12.9742371539
1509525483,31.28610854,121.21530876,432,31.2860041564,121.215247175,0.717150891408,12.9742371539
1509525484,31.28613982,121.21523281,432,31.2860454723,121.215177146,0.733464538592,11.7268309338
1509525485,31.28613982,121.21523281,432,31.2860454723,121.215177146,0.733464538592,11.7268309338
1509525486,31.28617069,121.2151442,432,31.286092223,121.215097906,0.751924102635,9.75295879825
1509525488,31.28617069,121.2151442,432,31.286092223,121.215097906,0.751924102635,9.75295879825
1509525489,31.28622105,121.21496596,432,31.2861832324,121.214943648,0.787859273956,4.70048848531
1509525490,31.28622105,121.21496596,432,31.2861832324,121.214943648,0.787859273956,4.70048848531
1509525491,31.28630069,121.21488682,432,31.2862384312,121.214850088,0.809654588842,7.73837537951
1509525492,31.28630069,121.21488682,432,31.2862384312,121.214850088,0.809654588842,7.73837537951
1509525493,31.28634348,121.21479459,432,31.286289844,121.214762946,0.829954981362,6.66661808472
1509525494,31.28634348,121.21479459,432,31.286289844,121.214762946,0.829954981362,6.66661808472
1509525495,31.28638853,121.21472286,432,31.2863328686,121.214690021,0.846943274027,6.9183686202
1509525496,31.28638853,121.21472286,432,31.2863328686,121.214690021,0.846943274027,6.9183686202
1509525497,31.28643488,121.21464754,432,31.2863777999,121.214613864,0.864684476479,7.09469526425
1509525498,31.28643488,121.21464754,432,31.2863777999,121.214613864,0.864684476479,7.09469526425
1509525499,31.28648408,121.214558,432,31.2864296905,121.214525911,0.885173537168,6.76027089521
1509525500,31.28648408,121.214558,432,31.2864296905,121.214525911,0.885173537168,6.76027089521
1509525501,31.28650614,121.21451579,432,31.2864538596,121.214484945,0.89471672639,6.49812526436
1509525502,31.28650614,121.21451579,432,31.2864538596,121.214484945,0.89471672639,6.49812526436
1509525503,31.28654557,121.21444729,432,31.2864940194,121.214416876,0.910573884855,6.40741061956
1509525504,31.28654557,121.21444729,432,31.2864940194,121.214416876,0.910573884855,6.40741061956
1509525506,31.28662207,121.21434012,432,31.2865606747,121.214303898,0.936892806724,7.63104413306
1509525507,31.28662207,121.21434012,432,31.2865606747,121.214303898,0.936892806724,7.63104413306
1509525508,31.28662207,121.21434012,432,31.2865606747,121.214303898,0.936892806724,7.63104413306
1509525509,31.28669626,121.21426799,432,31.2866113984,121.214217923,0.956921114616,10.5477571147
1509525510,31.28669626,121.21426799,432,31.2866113984,121.214217923,0.956921114616,10.5477571147
1509525511,31.28673114,121.21417915,432,31.2866592852,121.214136757,0.975829253054,8.9310998749
1509525512,31.28673114,121.21417915,432,31.2866592852,121.214136757,0.975829253054,8.9310998749
1509525513,31.28678459,121.21411874,432,31.2866995245,121.214068553,0.991717787904,10.5731050672
1509525514,31.28678459,121.21411874,432,31.2866995245,121.214068553,0.991717787904,10.5731050672
1509525515,31.28682968,121.21405084,434,31.2867426599,121.21399711,0.0463579169338,10.9207613197
1509525516,31.28682968,121.21405084,434,31.2867426599,121.21399711,0.0463579169338,10.9207613197
1509525517,31.28686356,121.21397418,434,31.2867862797,121.213926464,0.13760970864,9.69843603783
1509525518,31.28686356,121.21397418,434,31.2867862797,121.213926464,0.13760970864,9.69843603783
1509525519,31.28689909,121.21389803,434,31.286830127,121.213855449,0.229337288646,8.65463849653
1509525520,31.28689909,121.21389803,434,31.286830127,121.213855449,0.229337288646,8.65463849653
1509525521,31.28694006,121.2138192,434,31.2868766739,121.213780063,0.326712181645,7.95476412168
1509525522,31.28694006,121.2138192,434,31.2868766739,121.213780063,0.326712181645,7.95476412168
1509525524,31.28694947,121.21374987,434,31.2869102631,121.213725662,0.396980140875,4.92034246674
1509525525,31.28694947,121.21374987,434,31.2869102631,121.213725662,0.396980140875,4.92034246674
1509525526,31.28695322,121.21370394,434,31.2869318298,121.213690733,0.442097263904,2.68439739506
1509525527,31.28695322,121.21370394,434,31.2869318298,121.213690733,0.442097263904,2.68439739506
1509525528,31.28701061,121.21360584,434,31.2869915229,121.213594055,0.56697367175,2.39537760467
1509525529,31.28701061,121.21360584,434,31.2869915229,121.213594055,0.56697367175,2.39537760467
1509525530,31.28706285,121.2135425,434,31.2870342559,121.213524845,0.656370314344,3.58846562099
1509525531,31.28706285,121.2135425,434,31.2870342559,121.213524845,0.656370314344,3.58846562099
1509525532,31.28711886,121.21348954,434,31.2870733895,121.213461465,0.738236826233,5.7064059019
1509525533,31.28711886,121.21348954,434,31.2870733895,121.213461465,0.738236826233,5.7064059019
1509525534,31.28718956,121.21345357,434,31.2871089827,121.213403818,0.812697076702,10.1121926192
1509525535,31.28718956,121.21345357,434,31.2871089827,121.213403818,0.812697076702,10.1121926192
1509525536,31.28725081,121.21342307,434,31.2871395225,121.213354356,0.876585523819,13.9662315035
1509525537,31.28725081,121.21342307,434,31.2871395225,121.213354356,0.876585523819,13.9662315035
1509525538,31.28725081,121.21342307,434,31.2871395225,121.213354356,0.876585523819,13.9662315035
1509525539,31.28730482,121.21336344,434,31.2871810556,121.21328707,0.96349025147,15.5299158838
1509525540,31.28730482,121.21336344,434,31.2871810556,121.21328707,0.96349025147,15.5299158838
1509525541,31.2873321,121.21333701,436,31.2872004115,121.213255704,0.0123644304854,16.5263097308
1509525543,31.2873321,121.21333701,436,31.2872004115,121.213255704,0.0123644304854,16.5263097308
1509525544,31.2873581,121.21335058,436,31.2872015213,121.213253906,0.0195429815987,19.6499427337
1509525545,31.2873581,121.21335058,436,31.2872015213,121.213253906,0.0195429815987,19.6499427337
1509525546,31.28739673,121.21330688,436,31.2872317173,121.213204999,0.214859611851,20.7083777685
1509525547,31.28739673,121.21330688,436,31.2872317173,121.213204999,0.214859611851,20.7083777685
1509525548,31.28743511,121.21325605,253,31.2875236273,121.213147652,0.12080872328,14.2425041742
1509525549,31.28743511,121.21325605,253,31.2875236273,121.213147652,0.12080872328,14.2425041742
1509525550,31.28748114,121.21326989,253,31.287558023,121.21317574,0.145176013099,12.3704802379
1509525551,31.28748114,121.21326989,253,31.287558023,121.21317574,0.145176013099,12.3704802379
1509525552,31.28750999,121.21332483,253,31.2876022469,121.213211853,0.176506106315,14.8441935046
1509525553,31.28750999,121.21332483,253,31.2876022469,121.213211853,0.176506106315,14.8441935046
1509525554,31.28751564,121.21334929,253,31.2876176198,121.213224406,0.18739688816,16.4086077326
1509525555,31.28751564,121.21334929,253,31.2876176198,121.213224406,0.18739688816,16.4086077326
1509525556,31.28753369,121.21336881,253,31.2876380117,121.213241058,0.201843413087,16.7854300331
1509525557,31.28753369,121.21336881,253,31.2876380117,121.213241058,0.201843413087,16.7854300331
1509525558,31.28750081,121.21331637,253,31.2875925948,121.213203971,0.169668160067,14.7682344698
1509525559,31.28750081,121.21331637,253,31.2875925948,121.213203971,0.169668160067,14.7682344698
1509525561,31.28749914,121.21331836,253,31.2875925678,121.213203949,0.169649046982,15.0325976831
1509525562,31.28749914,121.21331836,253,31.2875925678,121.213203949,0.169649046982,15.0325976831
1509525563,31.28754119,121.21334173,253,31.2876292445,121.213233899,0.195632350537,14.1680251575
1509525564,31.28754119,121.21334173,253,31.2876292445,121.213233899,0.195632350537,14.1680251575
1509525565,31.28766483,121.21341737,253,31.2877404779,121.213324732,0.274434766969,12.1717519448
1509525566,31.28766483,121.21341737,253,31.2877404779,121.213324732,0.274434766969,12.1717519448
1509525567,31.28774103,121.21342738,253,31.2877910974,121.213366068,0.310295706525,8.05583805249
1509525568,31.28774103,121.21342738,253,31.2877910974,121.213366068,0.310295706525,8.05583805249
1509525569,31.28780626,121.21345984,253,31.287846134,121.213411011,0.349285931925,6.41571607995
1509525570,31.28780626,121.21345984,253,31.287846134,121.213411011,0.349285931925,6.41571607995
1509525571,31.28785941,121.21349939,253,31.2878973967,121.213452872,0.385602628264,6.11205930099
1509525572,31.28785941,121.21349939,253,31.2878973967,121.213452872,0.385602628264,6.11205930099
1509525573,31.28792887,121.21355758,253,31.2879675765,121.21351018,0.435320885656,6.22785994036
1509525574,31.28792887,121.21355758,253,31.2879675765,121.21351018,0.435320885656,6.22785994036
1509525575,31.28798271,121.21361309,253,31.2880270721,121.213558764,0.477470131041,7.13785791285
1509525576,31.28798271,121.21361309,253,31.2880270721,121.213558764,0.477470131041,7.13785791285
1509525577,31.28806376,121.21367872,253,31.2881013664,121.213607159,0.526369190266,7.98823855585
1509525579,31.28806376,121.21367872,253,31.2881013664,121.213607159,0.526369190266,7.98823855585
1509525580,31.28811691,121.21372615,253,31.2881625458,121.21363931,0.564293498392,9.69383409055
1509525581,31.28811691,121.21372615,253,31.2881625458,121.21363931,0.564293498392,9.69383409055
1509525582,31.28818449,121.21379342,253,31.2882432026,121.213681696,0.614291489038,12.4716049729
1509525583,31.28818449,121.21379342,253,31.2882432026,121.213681696,0.614291489038,12.4716049729
1509525584,31.28821295,121.21380035,253,31.288263,121.2136921,0.62656363412,11.706017554
1509525585,31.28821295,121.21380035,253,31.288263,121.2136921,0.62656363412,11.706017554
1509525586,31.28823171,121.21385448,253,31.288290777,121.213702926,0.642922377684,15.8469078977
1509525587,31.28823171,121.21385448,253,31.288290777,121.213702926,0.642922377684,15.8469078977
1509525588,31.28827685,121.21391006,253,31.2883487698,121.213725528,0.677076218331,19.2951450919
1509525589,31.28827685,121.21391006,253,31.2883487698,121.213725528,0.677076218331,19.2951450919
1509525590,31.28827685,121.21391006,253,31.2883487698,121.213725528,0.677076218331,19.2951450919
1509525591,31.28843255,121.21396611,253,31.2885029023,121.2137856,0.767849835227,18.8745851662
1509525593,31.28843255,121.21396611,253,31.2885029023,121.2137856,0.767849835227,18.8745851662
1509525594,31.28855566,121.21395258,253,31.2885801125,121.21379972,0.811011759871,14.8050244633
1509525595,31.28860558,121.2139712,253,31.2886316912,121.21380797,0.83967435294,15.809302509
1509525597,31.28860558,121.2139712,253,31.2886316912,121.21380797,0.83967435294,15.809302509
1509525598,31.28875024,121.2139389,253,31.2887540799,121.213826646,0.907638712208,10.6968087901
1509525599,31.28875024,121.2139389,253,31.2887540799,121.213826646,0.907638712208,10.6968087901
1509525600,31.28887014,121.21392228,253,31.2888732719,121.213830723,0.9730811258,8.72448715714
1509525601,31.28887014,121.21392228,253,31.2888732719,121.213830723,0.9730811258,8.72448715714
1509525602,31.28891604,121.2139149,253,31.2889188661,121.213832283,0.998114637267,7.87262189836
1509525603,31.28891604,121.2139149,253,31.2889188661,121.213832283,0.998114637267,7.87262189836
1509525604,31.28899541,121.21390645,251,31.2889978974,121.213835033,0.263974993334,6.80551780745
1509525605,31.28899541,121.21390645,251,31.2889978974,121.213835033,0.263974993334,6.80551780745
1509525606,31.28908011,121.21388384,251,31.2890739961,121.213834133,0.530244354624,4.78111777654
1509525607,31.28908011,121.21388384,251,31.2890739961,121.213834133,0.530244354624,4.78111777654
1509525608,31.28915298,121.21384902,251,31.2891499991,121.213824785,0.797473370548,2.33108634822
1509525609,31.28915298,121.21384902,251,31.2891499991,121.213824785,0.797473370548,2.33108634822
1509525611,31.28921755,121.21374941,397,31.2892227633,121.213752023,0.407555564746,0.62931055025
1509525612,31.28921755,121.21374941,397,31.2892227633,121.213752023,0.407555564746,0.62931055025
1509525613,31.28923878,121.21371635,397,31.2892440681,121.213722274,0.62972743093,0.813608747276
1509525614,31.28923878,121.21371635,397,31.2892440681,121.213722274,0.62972743093,0.813608747276
1509525615,31.28925923,121.21368368,397,31.2892701205,121.213702282,0.826590780778,2.14364049868
1509525616,31.28925923,121.21368368,397,31.2892701205,121.213702282,0.826590780778,2.14364049868
1509525617,31.28925994,121.21368335,397,31.2892707931,121.213701889,0.831241755862,2.13628921803
1509525618,31.28925994,121.21368335,397,31.2892707931,121.213701889,0.831241755862,2.13628921803
1509525619,31.28925244,121.21367941,397,31.2892669254,121.213704153,0.804498505024,2.85124243077
1509525620,31.28925244,121.21367941,397,31.2892669254,121.213704153,0.804498505024,2.85124243077
1509525621,31.28924256,121.21367609,397,31.2892610148,121.213707613,0.763630391223,3.63256393417
1509525622,31.28924256,121.21367609,397,31.2892610148,121.213707613,0.763630391223,3.63256393417
1509525623,31.2892465,121.21367453,397,31.2892646292,121.213705497,0.788622242117,3.5684890231
1509525624,31.2892465,121.21367453,397,31.2892646292,121.213705497,0.788622242117,3.5684890231
1509525625,31.28924926,121.2136765,397,31.2892658258,121.213704797,0.796895883084,3.26075247818
1509525626,31.28924926,121.2136765,397,31.2892658258,121.213704797,0.796895883084,3.26075247818
1509525627,31.28923664,121.21366285,397,31.2892623785,121.213706815,0.773059852229,5.06626858339
1509525628,31.28923664,121.21366285,397,31.2892623785,121.213706815,0.773059852229,5.06626858339
1509525630,31.28923125,121.21365329,397,31.2892625325,121.213706725,0.774124510704,6.15752377393
1509525631,31.28923125,121.21365329,397,31.2892625325,121.213706725,0.774124510704,6.15752377393
1509525632,31.2892896,121.21369872,395,31.2892952171,121.213687601,0.0001,1.2282935191
1509525633,31.2892896,121.21369872,395,31.2892952171,121.213687601,0.0001,1.2282935191
1509525634,31.28930967,121.21370272,395,31.2893104236,121.213688401,0.0891375885505,1.36590627646
1509525635,31.28930967,121.21370272,395,31.2893104236,121.213688401,0.0891375885505,1.36590627646
1509525636,31.28931551,121.21370236,395,31.2893162286,121.213688707,0.123126960338,1.30241991875
1509525637,31.28931551,121.21370236,395,31.2893162286,121.213688707,0.123126960338,1.30241991875
1509525638,31.28931755,121.21370161,395,31.2893182236,121.213688812,0.134808117846,1.22085905444
Time_cost 9.2009999752
