1510752686,31.28375019,121.20911251,307,31.2836199702,121.209019924,0.805397175755,16.9168220087
1510752687,31.28375019,121.20911251,307,31.2836199702,121.209019924,0.805397175755,16.9168220087
1510752688,31.28375019,121.20911251,307,31.2836199702,121.209019924,0.805397175755,16.9168220087
1510752689,31.28375019,121.20911251,307,31.2836199702,121.209019924,0.805397175755,16.9168220087
1510752690,31.28375019,121.20911251,307,31.2836199702,121.209019924,0.805397175755,16.9168220087
1510752691,31.28375019,121.20911251,307,31.2836199702,121.209019924,0.805397175755,16.9168220087
1510752692,31.28375019,121.20911251,307,31.2836199702,121.209019924,0.805397175755,16.9168220087
1510752693,31.28375019,121.20911251,307,31.2836199702,121.209019924,0.805397175755,16.9168220087
1510752694,31.28375019,121.20911251,307,31.2836199702,121.209019924,0.805397175755,16.9168220087
1510752695,31.28375019,121.20911251,307,31.2836199702,121.209019924,0.805397175755,16.9168220087
1510752696,31.28375019,121.20911251,307,31.2836199702,121.209019924,0.805397175755,16.9168220087
1510752697,31.28375019,121.20911251,307,31.2836199702,121.209019924,0.805397175755,16.9168220087
1510752698,31.28375019,121.20911251,307,31.2836199702,121.209019924,0.805397175755,16.9168220087
1510752699,31.28375019,121.20911251,307,31.2836199702,121.209019924,0.805397175755,16.9168220087
1510752700,31.28375019,121.20911251,307,31.2836199702,121.209019924,0.805397175755,16.9168220087
1510752702,31.28375019,121.20911251,307,31.2836199702,121.209019924,0.805397175755,16.9168220087
1510752703,31.28375019,121.20911251,307,31.2836199702,121.209019924,0.805397175755,16.9168220087
1510752704,31.28375019,121.20911251,307,31.2836199702,121.209019924,0.805397175755,16.9168220087
1510752705,31.28375019,121.20911251,307,31.2836199702,121.209019924,0.805397175755,16.9168220087
1510752706,31.28375019,121.20911251,307,31.2836199702,121.209019924,0.805397175755,16.9168220087
1510752707,31.28423866,121.20934018,329,31.2842967934,121.209091595,0.745227506825,24.532106273
1510752708,31.28423866,121.20934018,329,31.2842967934,121.209091595,0.745227506825,24.532106273
1510752709,31.28423866,121.20934018,329,31.2842967934,121.209091595,0.745227506825,24.532106273
1510752710,31.28426343,121.20944417,522,31.284504,121.20944417,0.124258508587,26.6730459706
1510752711,31.28426343,121.20944417,522,31.284504,121.20944417,0.124258508587,26.6730459706
1510752712,31.28427063,121.20950263,522,31.284504,121.20950263,0.145224688668,25.874750557
1510752713,31.28427063,121.20950263,522,31.284504,121.20950263,0.145224688668,25.874750557
1510752714,31.28426965,121.20954182,522,31.284504,121.20954182,0.159279847704,25.9834074344
1510752715,31.28426965,121.20954182,522,31.284504,121.20954182,0.159279847704,25.9834074344
1510752716,31.28426965,121.20954182,522,31.284504,121.20954182,0.159279847704,25.9834074344
1510752717,31.28429103,121.20962825,522,31.284504,121.20962825,0.190277229575,23.6129135493
1510752718,31.28429103,121.20962825,522,31.284504,121.20962825,0.190277229575,23.6129135493
1510752720,31.28436247,121.20962793,522,31.284504,121.20962793,0.190162464306,15.6920489893
1510752721,31.28436247,121.20962793,522,31.284504,121.20962793,0.190162464306,15.6920489893
1510752722,31.28437109,121.20964684,522,31.284504,121.20964684,0.196944374424,14.7363119652
1510752723,31.28437109,121.20964684,522,31.284504,121.20964684,0.196944374424,14.7363119652
1510752724,31.2843359,121.20970723,522,31.284504,121.20970723,0.218602732532,18.6379808496
1510752725,31.2843359,121.20970723,522,31.284504,121.20970723,0.218602732532,18.6379808496
1510752726,31.28432885,121.20977362,522,31.284504,121.20977362,0.242412939434,19.4196451161
1510752727,31.28432885,121.20977362,522,31.284504,121.20977362,0.242412939434,19.4196451161
1510752728,31.28435841,121.20980183,522,31.284504,121.20980183,0.252530215178,16.1421989092
1510752729,31.28435841,121.20980183,522,31.284504,121.20980183,0.252530215178,16.1421989092
1510752730,31.28441276,121.20981304,522,31.284504,121.20981304,0.256550586006,10.1161771728
1510752731,31.28441276,121.20981304,522,31.284504,121.20981304,0.256550586006,10.1161771728
1510752732,31.28446934,121.20982373,522,31.284504,121.20982373,0.260384463272,3.8429055491
1510752733,31.28446934,121.20982373,522,31.284504,121.20982373,0.260384463272,3.8429055491
1510752734,31.28446934,121.20982373,522,31.284504,121.20982373,0.260384463272,3.8429055491
1510752735,31.28450277,121.20987529,522,31.284504,121.20987529,0.27887601724,0.136375470499
1510752736,31.28450277,121.20987529,522,31.284504,121.20987529,0.27887601724,0.136375470499
1510752738,31.2845166,121.20991999,522,31.284504,121.20991999,0.294907290753,1.3970170258
1510752739,31.2845166,121.20991999,522,31.284504,121.20991999,0.294907290753,1.3970170258
1510752740,31.28451634,121.20992869,522,31.284504,121.20992869,0.298027471502,1.3681896907
1510752741,31.28451634,121.20992869,522,31.284504,121.20992869,0.298027471502,1.3681896907
1510752742,31.28451541,121.20993976,522,31.284504,121.20993976,0.301997632526,1.26507653019
1510752743,31.28451541,121.20993976,522,31.284504,121.20993976,0.301997632526,1.26507653019
1510752744,31.28451519,121.20995463,522,31.284504,121.20995463,0.30733063112,1.24068416902
1510752745,31.28451519,121.20995463,522,31.284504,121.20995463,0.30733063112,1.24068416902
1510752746,31.28451629,121.20996513,522,31.284504,121.20996513,0.31109636651,1.3626459717
1510752747,31.28451629,121.20996513,522,31.284504,121.20996513,0.31109636651,1.3626459717
1510752748,31.28451606,121.20997234,522,31.284504,121.20997234,0.313682171474,1.33714486899
1510752749,31.28451606,121.20997234,522,31.284504,121.20997234,0.313682171474,1.33714486899
1510752750,31.28451519,121.20997637,522,31.284504,121.20997637,0.315127496586,1.24068416902
1510752752,31.28451519,121.20997637,522,31.284504,121.20997637,0.315127496586,1.24068416902
1510752753,31.28451558,121.2099839,522,31.284504,121.2099839,0.317828066823,1.28392517202
1510752754,31.28451558,121.2099839,522,31.284504,121.2099839,0.317828066823,1.28392517202
1510752756,31.28451761,121.20998792,522,31.284504,121.20998792,0.319269805512,1.50900013804
1510752757,31.28451761,121.20998792,522,31.284504,121.20998792,0.319269805512,1.50900013804
1510752758,31.28451919,121.20998851,522,31.284504,121.20998851,0.319481403976,1.68418163808
1510752759,31.28451919,121.20998851,522,31.284504,121.20998851,0.319481403976,1.68418163808
1510752760,31.28451913,121.20998859,522,31.284504,121.20998859,0.319510095291,1.67752917578
1510752761,31.28451913,121.20998859,522,31.284504,121.20998859,0.319510095291,1.67752917578
1510752762,31.28451961,121.20998894,522,31.284504,121.20998894,0.319635619807,1.73074887206
1510752763,31.28451961,121.20998894,522,31.284504,121.20998894,0.319635619807,1.73074887206
1510752764,31.28452331,121.20999437,522,31.284504,121.20999437,0.321583042966,2.14098403078
1510752765,31.28452331,121.20999437,522,31.284504,121.20999437,0.321583042966,2.14098403078
1510752766,31.28452331,121.20999437,522,31.284504,121.20999437,0.321583042966,2.14098403078
1510752767,31.28453705,121.2100015,522,31.284504,121.2100015,0.32414015661,3.66439783967
1510752768,31.28453705,121.2100015,522,31.284504,121.2100015,0.32414015661,3.66439783967
1510752770,31.28455138,121.21000518,522,31.284504,121.21000518,0.325459957206,5.25322752944
1510752771,31.28455138,121.21000518,522,31.284504,121.21000518,0.325459957206,5.25322752944
1510752772,31.28459054,121.21005417,523,31.284504,121.21005417,0.65697019739,9.5950677865
1510752773,31.28459054,121.21005417,523,31.284504,121.21005417,0.65697019739,9.5950677865
1510752774,31.28465296,121.21004517,328,0,0,0,0
1510752774,31.28465296,121.21004517,306,0,0,0,0
1510752774,31.28465296,121.21004517,285,0,0,0,0
1510752774,31.28465296,121.21004517,391,31.2846770101,121.210168233,0.37210373713,12.0175618659
1510752775,31.28465296,121.21004517,391,31.2846770101,121.210168233,0.37210373713,12.0175618659
1510752776,31.28469685,121.21004528,391,31.2847192647,121.210159975,0.388720377526,11.2004133158
1510752777,31.28469685,121.21004528,391,31.2847192647,121.210159975,0.388720377526,11.2004133158
1510752778,31.28474169,121.21003232,391,31.284765098,121.210150979,0.406747226243,11.5928557135
1510752779,31.28474169,121.21003232,391,31.284765098,121.210150979,0.406747226243,11.5928557135
1510752780,31.28477412,121.21002447,391,31.2847978038,121.210144527,0.419613249595,11.7294419684
1510752781,31.28477412,121.21002447,391,31.2847978038,121.210144527,0.419613249595,11.7294419684
1510752782,31.28480415,121.21001724,391,31.2848280818,121.210138554,0.431524198402,11.8522471569
1510752783,31.28480415,121.21001724,391,31.2848280818,121.210138554,0.431524198402,11.8522471569
1510752784,31.28480415,121.21001724,391,31.2848280818,121.210138554,0.431524198402,11.8522471569
1510752785,31.28485834,121.210014,391,31.2848808571,121.210128143,0.452285312873,11.1516329251
1510752786,31.28485834,121.210014,391,31.2848808571,121.210128143,0.452285312873,11.1516329251
1510752787,31.28493845,121.2100252,391,31.2849558397,121.210113351,0.481782433511,8.61219133176
1510752789,31.28493845,121.2100252,391,31.2849558397,121.210113351,0.481782433511,8.61219133176
1510752790,31.28502734,121.21003476,391,31.2850450202,121.210094214,0.517007719565,5.99094496818
1510752791,31.28502734,121.21003476,391,31.2850450202,121.210094214,0.517007719565,5.99094496818
1510752792,31.28505082,121.2100248,391,31.2850693137,121.21008699,0.526789559055,6.26661207349
1510752793,31.28505082,121.2100248,391,31.2850693137,121.21008699,0.526789559055,6.26661207349
1510752794,31.28522613,121.21001601,391,31.2852306974,121.210023862,0.593933200335,0.903018756843
1510752795,31.28522613,121.21001601,391,31.2852306974,121.210023862,0.593933200335,0.903018756843
1510752796,31.28527573,121.2099995,391,31.2852749334,121.209998131,0.613684306247,0.157491298165
1510752797,31.28527573,121.2099995,391,31.2852749334,121.209998131,0.613684306247,0.157491298165
1510752798,31.28533579,121.20997812,391,31.2853291016,121.209966622,0.637870067576,1.32235655358
1510752799,31.28533579,121.20997812,391,31.2853291016,121.209966622,0.637870067576,1.32235655358
1510752800,31.28533579,121.20997812,391,31.2853291016,121.209966622,0.637870067576,1.32235655358
1510752801,31.28540105,121.20996254,391,31.2853841278,121.209934141,0.662531504531,3.2912746735
1510752803,31.28540105,121.20996254,391,31.2853841278,121.209934141,0.662531504531,3.2912746735
1510752804,31.28540105,121.20996254,391,31.2853841278,121.209934141,0.662531504531,3.2912746735
1510752805,31.2854616,121.20993029,391,31.2854429935,121.209899064,0.688978238822,3.61884694535
1510752806,31.2854616,121.20993029,391,31.2854429935,121.209899064,0.688978238822,3.61884694535
1510752807,31.28551422,121.20991211,391,31.2854801238,121.209873268,0.70649699576,5.28868969452
1510752808,31.28551422,121.20991211,391,31.2854801238,121.209873268,0.70649699576,5.28868969452
1510752809,31.28556755,121.2098978,391,31.2855173391,121.2098406,0.725608927345,7.78825315659
1510752810,31.28556755,121.2098978,391,31.2855173391,121.2098406,0.725608927345,7.78825315659
1510752811,31.28561773,121.20985148,391,31.2855686454,121.209795563,0.751957254172,7.61356126014
1510752812,31.28561773,121.20985148,391,31.2855686454,121.209795563,0.751957254172,7.61356126014
1510752813,31.28566828,121.20979228,391,31.2856265463,121.209744737,0.781692273976,6.47335610244
1510752814,31.28566828,121.20979228,391,31.2856265463,121.209744737,0.781692273976,6.47335610244
1510752815,31.28572014,121.20972197,391,31.2856897,121.2096893,0.814124898589,4.58994449024
1510752816,31.28572014,121.20972197,391,31.2856897,121.2096893,0.814124898589,4.58994449024
1510752817,31.28574984,121.20969479,391,31.2857099938,121.209663476,0.826800791766,5.32992414384
1510752818,31.28574984,121.20969479,391,31.2857099938,121.209663476,0.826800791766,5.32992414384
1510752819,31.28578525,121.20965904,391,31.2857408813,121.209624172,0.846093762018,5.93486246141
1510752821,31.28578525,121.20965904,391,31.2857408813,121.209624172,0.846093762018,5.93486246141
1510752822,31.28582055,121.2096272,391,31.2857698272,121.209587339,0.864173984057,6.78479635963
1510752823,31.28582055,121.2096272,391,31.2857698272,121.209587339,0.864173984057,6.78479635963
1510752824,31.28583904,121.20960689,391,31.2857867536,121.2095658,0.874746589105,6.99394052144
1510752825,31.28583904,121.20960689,391,31.2857867536,121.2095658,0.874746589105,6.99394052144
1510752826,31.28589695,121.20954142,391,31.2858406702,121.209497192,0.908423976367,7.52811109417
1510752827,31.28589695,121.20954142,391,31.2858406702,121.209497192,0.908423976367,7.52811109417
1510752828,31.285944,121.20951638,391,31.2858645871,121.209462456,0.924704036076,10.1925697116
1510752829,31.285944,121.20951638,391,31.2858645871,121.209462456,0.924704036076,10.1925697116
1510752830,31.28601481,121.20949955,388,31.286065591,121.209370193,0.9999,13.542943167
1510752831,31.28601481,121.20949955,388,31.286065591,121.209370193,0.9999,13.542943167
1510752832,31.2860678,121.20948782,126,31.2861235827,121.209414037,0.225965398379,9.3599611715
1510752833,31.2860678,121.20948782,126,31.2861235827,121.209414037,0.225965398379,9.3599611715
1510752834,31.28610421,121.2095027,126,31.2861539085,121.209436965,0.344148409586,8.33906556332
1510752835,31.28610421,121.2095027,126,31.2861539085,121.209436965,0.344148409586,8.33906556332
1510752837,31.28610421,121.2095027,126,31.2861539085,121.209436965,0.344148409586,8.33906556332
1510752839,31.28612761,121.20953867,126,31.2861861017,121.209461304,0.469609128591,9.81450625505
1510752840,31.28618042,121.2095623,126,31.286231072,121.209495304,0.644863700582,8.49905984343
1510752841,31.28618042,121.2095623,126,31.286231072,121.209495304,0.644863700582,8.49905984343
1510752842,31.28622601,121.20961037,126,31.2862832055,121.209534719,0.848034007849,9.59701130728
1510752843,31.28622601,121.20961037,126,31.2862832055,121.209534719,0.848034007849,9.59701130728
1510752844,31.28626739,121.20968185,128,31.2863447128,121.209581557,0.0221866958349,12.8333671129
1510752845,31.28626739,121.20968185,128,31.2863447128,121.209581557,0.0221866958349,12.8333671129
1510752846,31.28631488,121.20971349,128,31.286389798,121.209616316,0.0666187488499,12.434236865
1510752847,31.28631488,121.20971349,128,31.286389798,121.209616316,0.0666187488499,12.434236865
1510752848,31.28635507,121.20973058,128,31.286423269,121.209642121,0.0996048542288,11.3190366421
1510752849,31.28635507,121.20973058,128,31.286423269,121.209642121,0.0996048542288,11.3190366421
1510752850,31.2863833,121.20974851,128,31.2864496449,121.209662456,0.125598626265,11.0113055744
1510752851,31.2863833,121.20974851,128,31.2864496449,121.209662456,0.125598626265,11.0113055744
1510752853,31.2863833,121.20974851,128,31.2864496449,121.209662456,0.125598626265,11.0113055744
1510752854,31.28646378,121.20982234,128,31.2865358224,121.209728896,0.210527639649,11.9569121757
1510752855,31.28646378,121.20982234,128,31.2865358224,121.209728896,0.210527639649,11.9569121757
1510752856,31.28657265,121.20986871,128,31.2866265278,121.209798827,0.299918966101,8.9421158625
1510752857,31.28657265,121.20986871,128,31.2866265278,121.209798827,0.299918966101,8.9421158625
1510752858,31.28659718,121.20987528,128,31.2866450899,121.209813137,0.318212174202,7.95162315034
1510752859,31.28659718,121.20987528,128,31.2866450899,121.209813137,0.318212174202,7.95162315034
1510752860,31.2866258,121.20988964,128,31.2866699841,121.20983233,0.34274574625,7.3332521608
1510752861,31.2866258,121.20988964,128,31.2866699841,121.20983233,0.34274574625,7.3332521608
1510752862,31.28663094,121.20986352,128,31.2866605776,121.209825078,0.333475503163,4.91896186758
1510752863,31.28663094,121.20986352,128,31.2866605776,121.209825078,0.333475503163,4.91896186758
1510752864,31.28668684,121.20987338,128,31.2867004058,121.209855784,0.37272674575,2.25152482997
1510752865,31.28668684,121.20987338,128,31.2867004058,121.209855784,0.37272674575,2.25152482997
1510752866,31.28672281,121.20990741,128,31.2867394214,121.209885864,0.411177079163,2.75699566115
1510752867,31.28672281,121.20990741,128,31.2867394214,121.209885864,0.411177079163,2.75699566115
1510752868,31.28673963,121.20992532,128,31.2867586312,121.209900674,0.430108651664,3.15364215161
1510752869,31.28673963,121.20992532,128,31.2867586312,121.209900674,0.430108651664,3.15364215161
1510752870,31.2867869,121.2099562,128,31.286803211,121.209935043,0.474042545973,2.70713539528
1510752872,31.2867869,121.2099562,128,31.286803211,121.209935043,0.474042545973,2.70713539528
1510752873,31.2868433,121.20996061,128,31.2868407175,121.20996396,0.51100567724,0.428624483402
1510752874,31.2868433,121.20996061,128,31.2868407175,121.20996396,0.51100567724,0.428624483402
1510752875,31.28693958,121.21003079,128,31.2869350397,121.210036679,0.603961487473,0.753550397119
1510752876,31.28693958,121.21003079,128,31.2869350397,121.210036679,0.603961487473,0.753550397119
1510752877,31.28699249,121.21012209,128,31.2870123729,121.2100963,0.680174360353,3.29996908548
1510752878,31.28699249,121.21012209,128,31.2870123729,121.2100963,0.680174360353,3.29996908548
1510752879,31.28702407,121.21013914,128,31.2870404244,121.210117927,0.707819451537,2.71433911217
1510752880,31.28702407,121.21013914,128,31.2870404244,121.210117927,0.707819451537,2.71433911217
1510752881,31.28705103,121.21016331,128,31.2870690211,121.210139974,0.736001858122,2.9859797095
1510752882,31.28705103,121.21016331,128,31.2870690211,121.210139974,0.736001858122,2.9859797095
1510752883,31.28710582,121.21020512,128,31.2871236025,121.210182055,0.78979259365,2.95136729416
1510752884,31.28710582,121.21020512,128,31.2871236025,121.210182055,0.78979259365,2.95136729416
1510752886,31.28710582,121.21020512,128,31.2871236025,121.210182055,0.78979259365,2.95136729416
1510752887,31.28720375,121.21023725,128,31.2872005606,121.210241387,0.865635770182,0.529341496859
1510752888,31.28720375,121.21023725,128,31.2872005606,121.210241387,0.865635770182,0.529341496859
1510752889,31.28735524,121.21032768,110,31.2873369032,121.210346518,0.0001,2.7112414285
1510752890,31.28735524,121.21032768,110,31.2873369032,121.210346518,0.0001,2.7112414285
1510752891,31.28735524,121.21032768,110,31.2873369032,121.210346518,0.0001,2.7112414285
1510752892,31.28765231,121.21055493,112,0,0,0,0
1510752892,31.28765231,121.21055493,114,31.2876586862,121.210571381,0.686724686596,1.71850098648
1510752893,31.28765231,121.21055493,114,31.2876586862,121.210571381,0.686724686596,1.71850098648
1510752894,31.28770282,121.21048687,114,31.2877291783,121.210520018,0.9999,4.3014334304
1510752895,31.28770282,121.21048687,114,31.2877291783,121.210520018,0.9999,4.3014334304
1510752896,31.28770643,121.21050816,114,31.2877213923,121.210526403,0.96401263175,2.40196851555
1510752897,31.28770643,121.21050816,114,31.2877213923,121.210526403,0.96401263175,2.40196851555
1510752898,31.28771417,121.21052653,114,31.2877170123,121.210529996,0.943824639449,0.456293258895
1510752899,31.28771417,121.21052653,114,31.2877170123,121.210529996,0.943824639449,0.456293258895
1510752900,31.28772516,121.21056241,114,31.2877059897,121.210539036,0.893019421252,3.07749771125
1510752901,31.28772516,121.21056241,114,31.2877059897,121.210539036,0.893019421252,3.07749771125
1510752902,31.28772516,121.21056241,114,31.2877059897,121.210539036,0.893019421252,3.07749771125
1510752904,31.28796353,121.21063504,204,31.2879345792,121.21067372,0.267074149413,4.88543658221
1510752905,31.28796353,121.21063504,204,31.2879345792,121.21067372,0.267074149413,4.88543658221
1510752906,31.28799175,121.21062954,204,31.2879499672,121.21068525,0.28709270842,7.04265826018
1510752907,31.28799175,121.21062954,204,31.2879499672,121.21068525,0.28709270842,7.04265826018
1510752908,31.28801103,121.21063002,204,31.2879625368,121.210694678,0.303450168238,8.17372228178
1510752909,31.28801103,121.21063002,204,31.2879625368,121.210694678,0.303450168238,8.17372228178
1510752910,31.28805072,121.21063069,204,31.2879883216,121.210714013,0.337003581221,10.526506412
1510752911,31.28805072,121.21063069,204,31.2879883216,121.210714013,0.337003581221,10.526506412
1510752912,31.28807182,121.21075315,204,31.2880605999,121.210768136,0.431008993624,1.89303538852
1510752913,31.28807182,121.21075315,204,31.2880605999,121.210768136,0.431008993624,1.89303538852
1510752914,31.28808836,121.21077802,204,31.2880831304,121.210785005,0.460311046002,0.882331880665
1510752915,31.28808836,121.21077802,204,31.2880831304,121.210785005,0.460311046002,0.882331880665
1510752916,31.28811313,121.21079971,204,31.2881094089,121.21080468,0.494487585254,0.627818081648
1510752917,31.28811313,121.21079971,204,31.2881094089,121.21080468,0.494487585254,0.627818081648
1510752918,31.28811313,121.21079971,204,31.2881094089,121.21080468,0.494487585254,0.627818081648
1510752919,31.28818596,121.21084235,204,31.2881765348,121.210854938,0.581788283213,1.59018982053
1510752920,31.28818596,121.21084235,204,31.2881765348,121.210854938,0.581788283213,1.59018982053
1510752922,31.28822971,121.21087292,204,31.2882192359,121.210886909,0.637323124141,1.76716954338
1510752923,31.28822971,121.21087292,204,31.2882192359,121.210886909,0.637323124141,1.76716954338
1510752924,31.28837578,121.21095946,204,31.288354355,121.210988076,0.813052399841,3.61476687062
1510752925,31.28837578,121.21095946,204,31.288354355,121.210988076,0.813052399841,3.61476687062
1510752926,31.28848106,121.21100972,204,31.2884459304,121.21105664,0.93215079413,5.92697254587
1510752927,31.28848106,121.21100972,204,31.2884459304,121.21105664,0.93215079413,5.92697254587
1510752928,31.28853129,121.21111022,206,31.2885261089,121.211117025,0.0121423953162,0.86591966945
1510752929,31.28853129,121.21111022,206,31.2885261089,121.211117025,0.0121423953162,0.86591966945
1510752930,31.2885885,121.2111654,206,31.2885889206,121.211164848,0.0393724478047,0.0702908024756
1510752931,31.2885885,121.2111654,206,31.2885889206,121.211164848,0.0393724478047,0.0702908024756
1510752932,31.2885885,121.2111654,206,31.2885889206,121.211164848,0.0393724478047,0.0702908024756
1510752933,31.28878363,121.211273,206,31.2887643064,121.21129838,0.115405536559,3.22956561069
1510752934,31.28878363,121.211273,206,31.2887643064,121.21129838,0.115405536559,3.22956561069
1510752935,31.28878363,121.211273,206,31.2887643064,121.21129838,0.115405536559,3.22956561069
1510752937,31.28916977,121.21155422,206,31.2891442899,121.211587686,0.280135618,4.25849511362
1510752938,31.28916977,121.21155422,206,31.2891442899,121.211587686,0.280135618,4.25849511362
1510752939,31.2892935,121.21170831,206,31.2892968836,121.211703866,0.346287899333,0.565501687845
1510752940,31.2892935,121.21170831,206,31.2892968836,121.211703866,0.346287899333,0.565501687845
1510752941,31.28926383,121.21171256,206,31.2892801497,121.211691125,0.33903342202,2.72750756951
1510752942,31.28926383,121.21171256,206,31.2892801497,121.211691125,0.33903342202,2.72750756951
1510752943,31.2892807,121.21171347,206,31.2892912677,121.21169959,0.343853285898,1.76617515959
1510752944,31.2892807,121.21171347,206,31.2892912677,121.21169959,0.343853285898,1.76617515959
1510752945,31.28931352,121.21171067,206,31.2893106945,121.211714381,0.352275205284,0.472218338862
1510752946,31.28931352,121.21171067,206,31.2893106945,121.211714381,0.352275205284,0.472218338862
1510752947,31.28931803,121.21171674,206,31.2893164751,121.211718782,0.354781207261,0.259862255206
1510752948,31.28931803,121.21171674,206,31.2893164751,121.211718782,0.354781207261,0.259862255206
1510752949,31.28933896,121.21173569,206,31.2893388182,121.211735869,0.364483413421,0.0231869045746
1510752950,31.28933896,121.21173569,206,31.2893388182,121.211735869,0.364483413421,0.0231869045746
1510752951,31.28935612,121.21175489,206,31.2893587203,121.2117516,0.373233558094,0.425729606632
1510752952,31.28935612,121.21175489,206,31.2893587203,121.2117516,0.373233558094,0.425729606632
1510752953,31.28937004,121.21176413,206,31.289371783,121.211761925,0.378976653015,0.285361232262
1510752955,31.28937004,121.21176413,206,31.289371783,121.211761925,0.378976653015,0.285361232262
1510752956,31.28959004,121.21191249,206,31.289579364,121.211925997,0.470241351179,1.74788155998
1510752957,31.28959004,121.21191249,206,31.289579364,121.211925997,0.470241351179,1.74788155998
1510752958,31.28959426,121.21192041,206,31.2895858143,121.211931095,0.473077266546,1.38274007209
1510752959,31.28959426,121.21192041,206,31.2895858143,121.211931095,0.473077266546,1.38274007209
1510752960,31.28969806,121.21206768,206,31.2897213456,121.212038219,0.532664735536,3.8123302024
1510752961,31.28969806,121.21206768,206,31.2897213456,121.212038219,0.532664735536,3.8123302024
1510752962,31.28976316,121.21218059,206,31.2898163422,121.212113305,0.574430768758,8.70700949103
1510752963,31.28976316,121.21218059,206,31.2898163422,121.212113305,0.574430768758,8.70700949103
1510752964,31.28983061,121.21221852,206,31.2898763089,121.212160703,0.600795616876,7.48183695297
1510752965,31.28983061,121.21221852,206,31.2898763089,121.212160703,0.600795616876,7.48183695297
1510752966,31.2898763,121.21224667,206,31.2899181249,121.212193754,0.619180342878,6.84757482226
1510752967,31.2898763,121.21224667,206,31.2899181249,121.212193754,0.619180342878,6.84757482226
1510752968,31.2898763,121.21224667,206,31.2899181249,121.212193754,0.619180342878,6.84757482226
1510752969,31.28998747,121.21228957,206,31.2900074184,121.212264332,0.658438972688,3.26595061308
1510752971,31.28998747,121.21228957,206,31.2900074184,121.212264332,0.658438972688,3.26595061308
1510752973,31.29008607,121.21234131,206,31.2900932757,121.212332193,0.696186864028,1.17972240089
1510752974,31.29008607,121.21234131,206,31.2900932757,121.212332193,0.696186864028,1.17972240089
1510752975,31.29019924,121.21240266,206,31.2901949022,121.212408452,0.740012109037,0.731714503564
1510752976,31.29019924,121.21240266,206,31.2901949022,121.212408452,0.740012109037,0.731714503564
1510752977,31.29024443,121.21240211,206,31.2902235881,121.212429937,0.752374188054,3.51564225419
1510752978,31.29024443,121.21240211,206,31.2902235881,121.212429937,0.752374188054,3.51564225419
1510752979,31.29034057,121.21246971,206,31.2903176135,121.21250036,0.792893963564,3.87233693135
1510752980,31.29034057,121.21246971,206,31.2903176135,121.21250036,0.792893963564,3.87233693135
1510752981,31.29038368,121.2125051,206,31.2903622116,121.212533763,0.812113293893,3.6213210489
1510752982,31.29038368,121.2125051,206,31.2903622116,121.212533763,0.812113293893,3.6213210489
1510752983,31.29048209,121.21259124,206,31.2904719932,121.212609661,0.858238737459,2.08076580517
1510752984,31.29048209,121.21259124,206,31.2904719932,121.212609661,0.858238737459,2.08076580517
1510752985,31.29051994,121.21262176,206,31.290513963,121.212632665,0.874746985082,1.23175790939
1510752986,31.29051994,121.21262176,206,31.290513963,121.212632665,0.874746985082,1.23175790939
1510752988,31.29055435,121.21264192,206,31.2905489209,121.212651825,0.888497211177,1.11884738133
1510752989,31.29055435,121.21264192,206,31.2905489209,121.212651825,0.888497211177,1.11884738133
1510752990,31.29056587,121.21259555,206,31.2905382355,121.212645969,0.884294272816,5.69497807887
1510752991,31.29056587,121.21259555,206,31.2905382355,121.212645969,0.884294272816,5.69497807887
1510752992,31.29062165,121.21264726,206,31.2906029244,121.212681425,0.90973878467,3.85901739067
1510752993,31.29062165,121.21264726,206,31.2906029244,121.212681425,0.90973878467,3.85901739067
1510752994,31.29068492,121.21264855,206,31.2906521219,121.21270839,0.929089975652,6.75910788645
1510752995,31.29068492,121.21264855,206,31.2906521219,121.21270839,0.929089975652,6.75910788645
1510752996,31.29077477,121.21266273,206,31.290727192,121.212749536,0.958617796687,9.80498555423
1510752997,31.29077477,121.21266273,206,31.290727192,121.212749536,0.958617796687,9.80498555423
1510752998,31.2908484,121.21268294,289,31.2908687402,121.212689204,0.879907864972,2.33274781936
1510752999,31.2908484,121.21268294,289,31.2908687402,121.212689204,0.879907864972,2.33274781936
1510753000,31.2908484,121.21268294,289,31.2908687402,121.212689204,0.879907864972,2.33274781936
1510753002,31.29096932,121.21271258,223,31.2909625426,121.212724333,0.0896715497016,1.34789579577
1510753003,31.29096932,121.21271258,223,31.2909625426,121.212724333,0.0896715497016,1.34789579577
1510753004,31.29106431,121.21277904,223,31.2910625882,121.212782026,0.190650616954,0.342429710196
1510753005,31.29106431,121.21277904,223,31.2910625882,121.212782026,0.190650616954,0.342429710196
1510753006,31.29114696,121.21281969,223,31.2911422039,121.212827938,0.271009151119,0.945896479837
1510753007,31.29114696,121.21281969,223,31.2911422039,121.212827938,0.271009151119,0.945896479837
1510753008,31.29120962,121.21280401,223,31.2911824411,121.212851141,0.311621736506,5.4053751563
1510753009,31.29120962,121.21280401,223,31.2911824411,121.212851141,0.311621736506,5.4053751563
1510753010,31.2912559,121.21282001,223,31.291236679,121.21287257,0.362709158245,5.43924915834
1510753011,31.2912559,121.21282001,223,31.291236679,121.21287257,0.362709158245,5.43924915834
1510753012,31.29129812,121.21282779,223,31.2912764284,121.212887106,0.399715606007,6.13840812891
1510753013,31.29129812,121.21282779,223,31.2912764284,121.212887106,0.399715606007,6.13840812891
1510753014,31.29135762,121.21285256,223,31.2913368997,121.21290922,0.456014094031,5.86354511762
1510753015,31.29135762,121.21285256,223,31.2913368997,121.21290922,0.456014094031,5.86354511762
1510753016,31.29142259,121.21288918,223,31.291406018,121.212934497,0.52036297495,4.68961632397
1510753017,31.29142259,121.21288918,223,31.291406018,121.212934497,0.52036297495,4.68961632397
1510753018,31.29148808,121.21291091,223,31.2914707922,121.212958184,0.580667405306,4.89218895965
1510753020,31.29148808,121.21291091,223,31.2914707922,121.212958184,0.580667405306,4.89218895965
1510753021,31.29162265,121.21293892,223,31.2916063474,121.213002359,0.705467546101,6.30476198744
1510753022,31.29162265,121.21293892,223,31.2916063474,121.213002359,0.705467546101,6.30476198744
1510753023,31.29166078,121.21298039,223,31.2916521121,121.213014119,0.746782799465,3.35214589603
1510753024,31.29166078,121.21298039,223,31.2916521121,121.213014119,0.746782799465,3.35214589603
1510753025,31.29171238,121.21297714,223,31.2916997321,121.213026357,0.789772872144,4.89135249405
1510753026,31.29171238,121.21297714,223,31.2916997321,121.213026357,0.789772872144,4.89135249405
1510753027,31.29175586,121.2129852,223,31.2917424615,121.213037338,0.828347886259,5.18162468768
1510753028,31.29175586,121.2129852,223,31.2917424615,121.213037338,0.828347886259,5.18162468768
1510753029,31.2918137,121.21301609,223,31.2918041648,121.213053194,0.88405203319,3.6875597288
1510753030,31.2918137,121.21301609,223,31.2918041648,121.213053194,0.88405203319,3.6875597288
1510753031,31.29186674,121.21309572,223,31.2918731149,121.213070913,0.946298388365,2.46537499413
1510753032,31.29186674,121.21309572,223,31.2918731149,121.213070913,0.946298388365,2.46537499413
1510753033,31.29189624,121.21314292,278,31.2919200786,121.213147768,0.54678656722,2.68309668731
1510753034,31.29189624,121.21314292,278,31.2919200786,121.213147768,0.54678656722,2.68309668731
1510753036,31.29194904,121.21318522,210,31.2919460352,121.213204471,0.0405968858091,1.86297809627
1510753037,31.29194904,121.21318522,210,31.2919460352,121.213204471,0.0405968858091,1.86297809627
1510753038,31.29198068,121.21320256,210,31.2919795648,121.213209705,0.0780591596086,0.691406409359
1510753039,31.29198068,121.21320256,210,31.2919795648,121.213209705,0.0780591596086,0.691406409359
1510753040,31.2919773,121.21319298,210,31.2919748055,121.213208962,0.0727416133556,1.54658978219
1510753041,31.2919773,121.21319298,210,31.2919748055,121.213208962,0.0727416133556,1.54658978219
1510753042,31.29200676,121.21320825,210,31.2920058916,121.213213814,0.107473723124,0.538426778061
1510753043,31.29200676,121.21320825,210,31.2920058916,121.213213814,0.107473723124,0.538426778061
1510753044,31.29203181,121.21321121,210,31.2920307968,121.213217701,0.135300086255,0.628162505985
1510753045,31.29203181,121.21321121,210,31.2920307968,121.213217701,0.135300086255,0.628162505985
1510753046,31.29204334,121.21322087,210,31.2920435245,121.213219688,0.149520590238,0.114404720838
1510753047,31.29204334,121.21322087,210,31.2920435245,121.213219688,0.149520590238,0.114404720838
1510753048,31.29205126,121.21323084,210,31.2920527753,121.213221132,0.159856383404,0.939487544081
1510753049,31.29205126,121.21323084,210,31.2920527753,121.213221132,0.159856383404,0.939487544081
1510753050,31.29206575,121.21323071,210,31.2920669009,121.213223336,0.175638731882,0.713548748612
1510753051,31.29206575,121.21323071,210,31.2920669009,121.213223336,0.175638731882,0.713548748612
1510753053,31.29207042,121.21324058,210,31.2920729637,121.213224283,0.182412672618,1.5771062022
1510753054,31.29207042,121.21324058,210,31.2920729637,121.213224283,0.182412672618,1.5771062022
1510753055,31.29207928,121.21324501,210,31.292082288,121.213225738,0.192830594658,1.86496524562
1510753056,31.29207928,121.21324501,210,31.292082288,121.213225738,0.192830594658,1.86496524562
1510753057,31.29208352,121.21326307,210,31.292089179,121.213226814,0.200529814979,3.50857091174
1510753058,31.29208352,121.21326307,210,31.292089179,121.213226814,0.200529814979,3.50857091174
1510753059,31.29207698,121.21326702,210,31.2920833964,121.213225911,0.194068988622,3.9781604478
1510753060,31.29207698,121.21326702,210,31.2920833964,121.213225911,0.194068988622,3.9781604478
1510753061,31.29207791,121.21326343,210,31.2920837573,121.213225967,0.194472183579,3.62530067002
1510753062,31.29207791,121.21326343,210,31.2920837573,121.213225967,0.194472183579,3.62530067002
1510753063,31.29208637,121.2132694,210,31.2920929257,121.213227398,0.204715992825,4.06454112092
1510753064,31.29208637,121.2132694,210,31.2920929257,121.213227398,0.204715992825,4.06454112092
1510753065,31.29209484,121.21327602,210,31.292102203,121.213228847,0.215081366976,4.56503942861
1510753067,31.29209484,121.21327602,210,31.292102203,121.213228847,0.215081366976,4.56503942861
1510753068,31.29209919,121.21327878,210,31.2921068701,121.213229575,0.220295852953,4.76163444295
1510753069,31.29209919,121.21327878,210,31.2921068701,121.213229575,0.220295852953,4.76163444295
1510753070,31.29210636,121.21328055,210,31.2921141393,121.21323071,0.228417618799,4.82312281592
1510753071,31.29210636,121.21328055,210,31.2921141393,121.21323071,0.228417618799,4.82312281592
1510753072,31.29210055,121.21327839,210,31.2921081383,121.213229773,0.221712832555,4.7047377205
1510753073,31.29210055,121.21327839,210,31.2921081383,121.213229773,0.221712832555,4.7047377205
1510753074,31.29210082,121.21327833,210,31.2921083928,121.213229813,0.22199711141,4.69508832366
1510753075,31.29210082,121.21327833,210,31.2921083928,121.213229813,0.22199711141,4.69508832366
1510753076,31.2921189,121.21326739,210,31.2921243758,121.213232307,0.239854808148,3.39499523802
1510753077,31.2921189,121.21326739,210,31.2921243758,121.213232307,0.239854808148,3.39499523802
1510753078,31.29212206,121.21326686,210,31.2921273799,121.213232776,0.243211243213,3.2983314112
1510753079,31.29212206,121.21326686,210,31.2921273799,121.213232776,0.243211243213,3.2983314112
1510753080,31.29213184,121.21326182,210,31.2921361594,121.213234147,0.253020426041,2.67799563434
1510753081,31.29213184,121.21326182,210,31.2921361594,121.213234147,0.253020426041,2.67799563434
1510753082,31.29214168,121.21325942,210,31.2921453997,121.213235589,0.263344492551,2.30617549141
1510753083,31.29214168,121.21325942,210,31.2921453997,121.213235589,0.263344492551,2.30617549141
1510753085,31.29216339,121.21325412,210,31.2921657858,121.213238771,0.286121658432,1.48536783555
1510753086,31.29216339,121.21325412,210,31.2921657858,121.213238771,0.286121658432,1.48536783555
1510753087,31.29217493,121.21325398,210,31.29217703,121.213240526,0.298684691231,1.30198277494
1510753088,31.29217493,121.21325398,210,31.29217703,121.213240526,0.298684691231,1.30198277494
1510753089,31.29218124,121.21325374,210,31.2921831533,121.213241482,0.305526253204,1.18626801335
1510753090,31.29218124,121.21325374,210,31.2921831533,121.213241482,0.305526253204,1.18626801335
1510753091,31.29218734,121.21325331,210,31.2921890428,121.213242401,0.312106418632,1.05570050245
1510753092,31.29218734,121.21325331,210,31.2921890428,121.213242401,0.312106418632,1.05570050245
1510753093,31.29218812,121.21325335,210,31.2921898103,121.213242521,0.312963987097,1.04797806126
1510753094,31.29218812,121.21325335,210,31.2921898103,121.213242521,0.312963987097,1.04797806126
1510753095,31.29218906,121.21325324,210,31.2921907112,121.213242661,0.313970533777,1.02372593443
1510753096,31.29218906,121.21325324,210,31.2921907112,121.213242661,0.313970533777,1.02372593443
1510753097,31.29219008,121.21325345,210,31.2921917389,121.213242822,0.315118815429,1.028524509
1510753098,31.29219008,121.21325345,210,31.2921917389,121.213242822,0.315118815429,1.028524509
1510753100,31.29219039,121.21325372,210,31.2921920827,121.213242875,0.315502903023,1.04946033977
1510753101,31.29219039,121.21325372,210,31.2921920827,121.213242875,0.315502903023,1.04946033977
1510753102,31.29219059,121.21325401,210,31.2921923221,121.213242913,0.315770416677,1.07390752876
1510753103,31.29219059,121.21325401,210,31.2921923221,121.213242913,0.315770416677,1.07390752876
1510753104,31.29219064,121.21325421,210,31.2921924014,121.213242925,0.315859001034,1.09206421853
1510753105,31.29219064,121.21325421,210,31.2921924014,121.213242925,0.315859001034,1.09206421853
1510753106,31.29219085,121.21325434,210,31.2921926262,121.21324296,0.316110183019,1.10124880032
1510753107,31.29219085,121.21325434,210,31.2921926262,121.21324296,0.316110183019,1.10124880032
1510753108,31.29219145,121.21325566,210,31.2921934131,121.213243083,0.316989333183,1.21710175125
1510753109,31.29219145,121.21325566,210,31.2921934131,121.213243083,0.316989333183,1.21710175125
1510753110,31.29220569,121.21326541,210,31.2922088,121.213245485,0.334181000338,1.92821038429
1510753111,31.29220569,121.21326541,210,31.2922088,121.213245485,0.334181000338,1.92821038429
1510753112,31.29223531,121.21328518,210,31.292240728,121.213250468,0.369853716824,3.35912431338
1510753113,31.29223531,121.21328518,210,31.292240728,121.213250468,0.369853716824,3.35912431338
1510753114,31.29228273,121.21330448,210,31.292289961,121.213258152,0.424861170423,4.48317223965
1510753115,31.29228273,121.21330448,210,31.292289961,121.213258152,0.424861170423,4.48317223965
1510753116,31.29228273,121.21330448,210,31.292289961,121.213258152,0.424861170423,4.48317223965
1510753118,31.2923291,121.21333983,210,31.2923365311,121.213264606,0.476779671542,7.20941127025
1510753119,31.2923291,121.21333983,210,31.2923365311,121.213264606,0.476779671542,7.20941127025
1510753120,31.29240112,121.21337559,210,31.2924113535,121.213271997,0.559779857701,9.9282824238
1510753121,31.29240112,121.21337559,210,31.2924113535,121.213271997,0.559779857701,9.9282824238
1510753122,31.29242146,121.21339261,210,31.292433162,121.213274152,0.583971947764,11.3529947045
1510753123,31.29242146,121.21339261,210,31.292433162,121.213274152,0.583971947764,11.3529947045
1510753124,31.29241529,121.21339848,210,31.2924276259,121.213273605,0.577830772451,11.967986762
1510753125,31.29241529,121.21339848,210,31.2924276259,121.213273605,0.577830772451,11.967986762
1510753126,31.29241529,121.21339848,210,31.2924276259,121.213273605,0.577830772451,11.967986762
1510753127,31.29241529,121.21339848,210,31.2924276259,121.213273605,0.577830772451,11.967986762
1510753128,31.29241529,121.21339848,210,31.2924276259,121.213273605,0.577830772451,11.967986762
1510753129,31.29241487,121.21340442,210,31.2924277911,121.213273621,0.578014000952,12.5357096144
1510753130,31.29241487,121.21340442,210,31.2924277911,121.213273621,0.578014000952,12.5357096144
1510753131,31.29241487,121.21340442,210,31.2924277911,121.213273621,0.578014000952,12.5357096144
1510753132,31.29241448,121.21340999,210,31.2924279498,121.213273637,0.578190032982,13.0680332706
1510753133,31.29241448,121.21340999,210,31.2924279498,121.213273637,0.578190032982,13.0680332706
1510753134,31.29241443,121.21341043,210,31.2924279433,121.213273636,0.578182854598,13.1102639221
Time_cost 28.0509998798
