1510999746,31.29223179,121.21336332,211,31.292249198,121.21325179,0.620682841039,10.7929514178
1510999747,31.29223179,121.21336332,211,31.292249198,121.21325179,0.620682841039,10.7929514178
1510999748,31.29223875,121.21336117,211,31.2922556649,121.213252799,0.613457476968,10.487212862
1510999749,31.29223875,121.21336117,211,31.2922556649,121.213252799,0.613457476968,10.487212862
1510999750,31.29224265,121.2133947,211,31.2922645811,121.213254191,0.603495445811,13.5972924566
1510999751,31.29224265,121.2133947,211,31.2922645811,121.213254191,0.603495445811,13.5972924566
1510999752,31.2922563,121.21338573,211,31.2922765397,121.213256058,0.59013424444,12.5486204775
1510999753,31.2922563,121.21338573,211,31.2922765397,121.213256058,0.59013424444,12.5486204775
1510999754,31.2922545,121.21338118,211,31.2922740892,121.213255675,0.592872138123,12.1453226797
1510999755,31.2922545,121.21338118,211,31.2922740892,121.213255675,0.592872138123,12.1453226797
1510999756,31.2922545,121.21338118,211,31.2922740892,121.213255675,0.592872138123,12.1453226797
1510999757,31.29226121,121.21334327,211,31.2922748633,121.213255796,0.592007331699,8.46496684241
1510999758,31.29226121,121.21334327,211,31.2922748633,121.213255796,0.592007331699,8.46496684241
1510999760,31.2922539,121.21333191,211,31.2922659962,121.213254412,0.601914425225,7.49957907981
1510999761,31.2922539,121.21333191,211,31.2922659962,121.213254412,0.601914425225,7.49957907981
1510999762,31.29224967,121.21332506,211,31.292260823,121.213253604,0.607694317835,6.91483412455
1510999763,31.29224967,121.21332506,211,31.292260823,121.213253604,0.607694317835,6.91483412455
1510999764,31.29224864,121.21331654,211,31.2922585193,121.213253245,0.610268223396,6.12514008619
1510999765,31.29224864,121.21331654,211,31.2922585193,121.213253245,0.610268223396,6.12514008619
1510999766,31.29224833,121.21331648,211,31.2922582075,121.213253196,0.610616560027,6.1240429201
1510999767,31.29224833,121.21331648,211,31.2922582075,121.213253196,0.610616560027,6.1240429201
1510999768,31.29224822,121.21332208,211,31.2922589534,121.213253313,0.609783179768,6.65469506411
1510999769,31.29224822,121.21332208,211,31.2922589534,121.213253313,0.609783179768,6.65469506411
1510999770,31.2922463,121.2133219,211,31.2922570517,121.213253016,0.61190799886,6.66600133373
1510999771,31.2922463,121.2133219,211,31.2922570517,121.213253016,0.61190799886,6.66600133373
1510999772,31.29223901,121.21332013,211,31.2922496654,121.213251863,0.620160650671,6.60628261037
1510999773,31.29223901,121.21332013,211,31.2922496654,121.213251863,0.620160650671,6.60628261037
1510999774,31.29208652,121.21332038,211,31.2921008401,121.213228634,0.786441427438,8.87840122844
1510999775,31.29208652,121.21332038,211,31.2921008401,121.213228634,0.786441427438,8.87840122844
1510999776,31.29201759,121.21335101,211,31.2920382165,121.213218859,0.856409972437,12.7884795893
1510999778,31.29201759,121.21335101,211,31.2920382165,121.213218859,0.856409972437,12.7884795893
1510999779,31.29196954,121.21340142,280,31.2918781248,121.213386001,0.153054555276,10.2413760783
1510999780,31.29196954,121.21340142,280,31.2918781248,121.213386001,0.153054555276,10.2413760783
1510999781,31.2919213,121.21345297,280,31.291868336,121.213444037,0.200504108049,5.93363561481
1510999782,31.2919213,121.21345297,280,31.291868336,121.213444037,0.200504108049,5.93363561481
1510999783,31.29187665,121.21356414,280,31.2918488686,121.213559454,0.2948688657,3.11239693793
1510999784,31.29187665,121.21356414,280,31.2918488686,121.213559454,0.2948688657,3.11239693793
1510999785,31.29185939,121.21367258,280,31.2918306065,121.213667725,0.383390642894,3.22465727404
1510999786,31.29185939,121.21367258,280,31.2918306065,121.213667725,0.383390642894,3.22465727404
1510999787,31.29185939,121.21367258,280,31.2918306065,121.213667725,0.383390642894,3.22465727404
1510999788,31.29183242,121.21383402,280,31.2918033837,121.213829122,0.515348251479,3.25298496173
1510999789,31.29183242,121.21383402,280,31.2918033837,121.213829122,0.515348251479,3.25298496173
1510999790,31.2918176,121.21390958,280,31.2917905816,121.213905023,0.577403978198,3.02691621703
1510999792,31.2918176,121.21390958,280,31.2917905816,121.213905023,0.577403978198,3.02691621703
1510999793,31.29179576,121.21409937,280,31.2917588511,121.214093145,0.731211335497,4.13495896672
1510999794,31.29179576,121.21409937,280,31.2917588511,121.214093145,0.731211335497,4.13495896672
1510999795,31.2917884,121.21415556,280,31.2917494321,121.214148987,0.776868037886,4.36562931336
1510999796,31.2917884,121.21415556,280,31.2917494321,121.214148987,0.776868037886,4.36562931336
1510999797,31.29177127,121.21424958,280,31.2917335386,121.214243216,0.853908801972,4.2271034576
1510999798,31.29177127,121.21424958,280,31.2917335386,121.214243216,0.853908801972,4.2271034576
1510999799,31.29174988,121.21433926,280,31.291718239,121.214333923,0.928070579947,3.54478403708
1510999800,31.29174988,121.21433926,280,31.291718239,121.214333923,0.928070579947,3.54478403708
1510999801,31.2917304,121.214393,280,31.2917088866,121.214389371,0.973404742022,2.41017811491
1510999802,31.2917304,121.214393,280,31.2917088866,121.214389371,0.973404742022,2.41017811491
1510999803,31.29168542,121.21441378,242,31.2916846434,121.214419225,0.0149880402698,0.525507642738
1510999804,31.29168542,121.21441378,242,31.2916846434,121.214419225,0.0149880402698,0.525507642738
1510999805,31.29161113,121.21442341,242,31.2916131807,121.214409032,0.0720925821464,1.38769926315
1510999807,31.29161113,121.21442341,242,31.2916131807,121.214409032,0.0720925821464,1.38769926315
1510999808,31.29155715,121.21438776,242,31.2915552936,121.214400776,0.118349121331,1.25622833343
1510999809,31.29155715,121.21438776,242,31.2915552936,121.214400776,0.118349121331,1.25622833343
1510999810,31.29143822,121.21438663,242,31.2914446568,121.214369095,0.209846286644,1.81569290986
1510999811,31.29143822,121.21438663,242,31.2914446568,121.214369095,0.209846286644,1.81569290986
1510999812,31.29136794,121.21432046,242,31.291361317,121.214338503,0.28007590281,1.86823366627
1510999813,31.29136794,121.21432046,242,31.291361317,121.214338503,0.28007590281,1.86823366627
1510999814,31.29122465,121.21428373,242,31.2912231604,121.214287788,0.396499025562,0.420193509116
1510999815,31.29122465,121.21428373,242,31.2912231604,121.214287788,0.396499025562,0.420193509116
1510999816,31.29117479,121.21426986,242,31.2911747343,121.214270012,0.437307198572,0.0156839565341
1510999817,31.29117479,121.21426986,242,31.2911747343,121.214270012,0.437307198572,0.0156839565341
1510999818,31.29106633,121.21423863,242,31.291069051,121.214231218,0.5263654506,0.767531444875
1510999819,31.29106633,121.21423863,242,31.291069051,121.214231218,0.5263654506,0.767531444875
1510999820,31.29095879,121.21420036,242,31.290961901,121.214191885,0.616659607017,0.87755903349
1510999822,31.29095879,121.21420036,242,31.290961901,121.214191885,0.616659607017,0.87755903349
1510999823,31.29085963,121.21418148,242,31.2908684084,121.214157566,0.69544483105,2.47624079924
1510999825,31.29073877,121.21416979,242,31.2907581186,121.214117081,0.788384966945,5.45789124484
1510999826,31.29073877,121.21416979,242,31.2907581186,121.214117081,0.788384966945,5.45789124484
1510999827,31.2906434,121.21410763,242,31.2906539653,121.214078848,0.876153861183,2.98028589441
1510999828,31.2906434,121.21410763,242,31.2906539653,121.214078848,0.876153861183,2.98028589441
1510999829,31.29057077,121.21418063,407,31.2904673763,121.214150226,0.164023609288,11.8235749096
1510999830,31.29057077,121.21418063,407,31.2904673763,121.214150226,0.164023609288,11.8235749096
1510999831,31.29054249,121.21423414,407,31.2904487258,121.214240279,0.280057220339,10.4124713748
1510999832,31.29054249,121.21423414,407,31.2904487258,121.214240279,0.280057220339,10.4124713748
1510999833,31.29056184,121.21431823,407,31.2904761619,121.214353737,0.427682999375,10.0831635814
1510999834,31.29056184,121.21431823,407,31.2904761619,121.214353737,0.427682999375,10.0831635814
1510999835,31.29058765,121.21440396,407,31.2905207995,121.214441935,0.551254418506,8.24688924235
1510999836,31.29058765,121.21440396,407,31.2905207995,121.214441935,0.551254418506,8.24688924235
1510999837,31.2906203,121.21449166,407,31.2905610364,121.214520787,0.661754167777,7.13208045035
1510999839,31.2906203,121.21449166,407,31.2905610364,121.214520787,0.661754167777,7.13208045035
1510999840,31.29064337,121.21458609,407,31.290601,121.2146021,0.774810253026,4.93887977818
1510999841,31.29064337,121.21458609,407,31.290601,121.2146021,0.774810253026,4.93887977818
1510999842,31.29066366,121.21470197,407,31.2906314458,121.214710978,0.915881806949,3.67327068647
1510999843,31.29066366,121.21470197,407,31.2906314458,121.214710978,0.915881806949,3.67327068647
1510999844,31.29068788,121.21480939,409,31.2906589484,121.214816115,0.157645558881,3.27106674116
1510999845,31.29068788,121.21480939,409,31.2906589484,121.214816115,0.157645558881,3.27106674116
1510999846,31.29070788,121.21492598,409,31.2906856865,121.214931139,0.608541925115,2.50923747593
1510999847,31.29070788,121.21492598,409,31.2906856865,121.214931139,0.608541925115,2.50923747593
1510999848,31.2907161,121.21505002,413,31.2907111908,121.215050594,0.0217258717094,0.547037464083
1510999849,31.2907161,121.21505002,413,31.2907111908,121.215050594,0.0217258717094,0.547037464083
1510999850,31.29072402,121.21518299,413,31.2907266342,121.215182684,0.168188326365,0.291309768963
1510999851,31.29072402,121.21518299,413,31.2907266342,121.215182684,0.168188326365,0.291309768963
1510999852,31.29069404,121.21532537,413,31.2907408958,121.215328073,0.329307311822,5.20148130833
1510999853,31.29069404,121.21532537,413,31.2907408958,121.215328073,0.329307311822,5.20148130833
1510999854,31.29068481,121.21544519,413,31.2907339754,121.215448026,0.461631882551,5.45787332451
1510999855,31.29068481,121.21544519,413,31.2907339754,121.215448026,0.461631882551,5.45787332451
1510999856,31.29066806,121.21556268,413,31.2907156424,121.215571865,0.599772089592,5.34766707598
1510999858,31.29066806,121.21556268,413,31.2907156424,121.215571865,0.599772089592,5.34766707598
1510999859,31.29066672,121.21569154,413,31.2906916129,121.215696345,0.739393271446,2.79764762176
1510999860,31.29066672,121.21569154,413,31.2906916129,121.215696345,0.739393271446,2.79764762176
1510999861,31.29061886,121.21581252,413,31.2906552005,121.215826528,0.88884990012,4.24424955607
1510999862,31.29061886,121.21581252,413,31.2906552005,121.215826528,0.88884990012,4.24424955607
1510999863,31.29054441,121.21590541,411,31.2906047334,121.215943271,0.153650527205,7.59795240484
1510999864,31.29054441,121.21590541,411,31.2906047334,121.215943271,0.153650527205,7.59795240484
1510999865,31.2905185,121.21599715,411,31.2905561038,121.216020752,0.6810863867,4.73633900561
1510999866,31.2905185,121.21599715,411,31.2905561038,121.216020752,0.6810863867,4.73633900561
1510999867,31.29045487,121.21608615,410,31.2905267092,121.216067585,0.0001,8.15890858742
1510999868,31.29045487,121.21608615,410,31.2905267092,121.216067585,0.0001,8.15890858742
1510999869,31.29039156,121.21620405,410,31.2905267092,121.216067585,0.0001,19.8333993714
1510999870,31.29039156,121.21620405,410,31.2905267092,121.216067585,0.0001,19.8333993714
1510999872,31.29030935,121.21631358,410,31.2905267092,121.216067585,0.0001,33.6062806067
1510999873,31.29030935,121.21631358,410,31.2905267092,121.216067585,0.0001,33.6062806067
1510999875,31.29025696,121.21639592,410,31.2905267092,121.216067585,0.0001,43.2644790736
1510999901,31.29020962,121.21696053,448,0,0,0,0
1510999901,31.29020962,121.21696053,450,0,0,0,0
1510999901,31.29020962,121.21696053,452,0,0,0,0
1510999901,31.29020962,121.21696053,367,0,0,0,0
1510999901,31.29020962,121.21696053,365,0,0,0,0
1510999901,31.29020962,121.21696053,414,0,0,0,0
1510999901,31.29020962,121.21696053,416,0,0,0,0
1510999901,31.29020962,121.21696053,418,31.2902832383,121.2174535,0.740726992761,47.6419448541
1510999902,31.29020962,121.21696053,418,31.2902832383,121.2174535,0.740726992761,47.6419448541
1510999904,31.29020872,121.21702748,419,31.290272578,121.217455092,0.141349060409,41.325569679
1510999905,31.29020872,121.21702748,419,31.290272578,121.217455092,0.141349060409,41.325569679
1510999906,31.29020443,121.21713988,418,31.290259809,121.217456999,0.9999,30.8120558971
1510999907,31.29020443,121.21713988,418,31.290259809,121.217456999,0.9999,30.8120558971
1510999908,31.29022967,121.21723021,418,31.2902634564,121.217456454,0.959552738976,21.8648323495
1510999909,31.29022967,121.21723021,418,31.2902634564,121.217456454,0.959552738976,21.8648323495
1510999910,31.2902487,121.21732602,419,31.2902680755,121.217455764,0.0915432688596,12.5388278517
1510999911,31.2902487,121.21732602,419,31.2902680755,121.217455764,0.0915432688596,12.5388278517
1510999912,31.29027239,121.21741663,418,31.2902780125,121.21745428,0.798533828217,3.63859621856
1510999913,31.29027239,121.21741663,418,31.2902780125,121.21745428,0.798533828217,3.63859621856
1510999914,31.29028899,121.21750709,419,31.2902810362,121.217453829,0.23491317755,5.14728772615
1510999915,31.29028899,121.21750709,419,31.2902810362,121.217453829,0.23491317755,5.14728772615
1510999916,31.29029039,121.21760876,418,31.2902675538,121.217455842,0.914227815185,14.7783995781
1510999917,31.29029039,121.21760876,418,31.2902675538,121.217455842,0.914227815185,14.7783995781
1510999918,31.29029798,121.21770907,419,31.2902603251,121.217456922,0.00580854873817,24.3683011096
1510999919,31.29029798,121.21770907,419,31.2902603251,121.217456922,0.00580854873817,24.3683011096
1510999920,31.29031414,121.21782242,418,31.290259809,121.217456999,0.9999,35.3107556466
1510999921,31.29031414,121.21782242,418,31.290259809,121.217456999,0.9999,35.3107556466
1510999923,31.29030075,121.21792182,419,31.290259809,121.217456999,0.0001,44.4895585115
1510999924,31.29030075,121.21792182,419,31.290259809,121.217456999,0.0001,44.4895585115
1510999929,31.29020039,121.21812689,417,0,0,0,0
1510999929,31.29020039,121.21812689,415,0,0,0,0
1510999929,31.29020039,121.21812689,364,0,0,0,0
1510999929,31.29020039,121.21812689,366,0,0,0,0
1510999929,31.29020039,121.21812689,360,0,0,0,0
1510999929,31.29020039,121.21812689,62,0,0,0,0
1510999929,31.29020039,121.21812689,30,0,0,0,0
1510999929,31.29020039,121.21812689,42,31.2902458266,121.218617308,0.278817362484,46.9655154876
1510999930,31.29020039,121.21812689,42,31.2902458266,121.218617308,0.278817362484,46.9655154876
1510999931,31.29016387,121.21811018,42,31.2902111524,121.21862052,0.331481701916,48.8734405881
1510999932,31.29016387,121.21811018,42,31.2902111524,121.21862052,0.331481701916,48.8734405881
1510999942,31.29014641,121.218081,293,31.2897563,121.2183433,0.0860968887352,49.945726271
1510999943,31.29014641,121.218081,293,31.2897563,121.2183433,0.0860968887352,49.945726271
1510999944,31.29014692,121.21808556,293,31.2897563,121.2183433,0.0860968887352,49.7792333615
Time_cost 2.33599996567
