1512004245,31.29069382,121.21266457,206,31.290665718,121.212715842,0.934437825165,5.7913233414
1512004247,31.29070566,121.21267879,206,31.2906808163,121.212724117,0.940376527794,5.11985306346
1512004249,31.29070566,121.21267879,206,31.2906808163,121.212724117,0.940376527794,5.11985306346
1512004251,31.29070566,121.21267879,206,31.2906808163,121.212724117,0.940376527794,5.11985306346
1512004253,31.29045903,121.21259199,206,31.2904545765,121.212600115,0.851388098,0.917785197923
1512004255,31.29045903,121.21259199,206,31.2904545765,121.212600115,0.851388098,0.917785197923
1512004257,31.29046544,121.2125319,206,31.2904274483,121.212582624,0.840226706858,6.40850321935
1512004259,31.29046544,121.2125319,206,31.2904274483,121.212582624,0.840226706858,6.40850321935
1512004261,31.29045159,121.21270122,206,31.2904948936,121.212622213,0.867246297285,8.9241190298
1512004263,31.29045159,121.21270122,206,31.2904948936,121.212622213,0.867246297285,8.9241190298
1512004265,31.29045159,121.21270122,206,31.2904948936,121.212622213,0.867246297285,8.9241190298
1512004268,31.29031313,121.21262853,206,31.2903762393,121.21254427,0.81815845345,10.6453801358
1512004270,31.29031313,121.21262853,206,31.2903762393,121.21254427,0.81815845345,10.6453801358
1512004272,31.29028544,121.21263595,206,31.2903620606,121.21253365,0.812048220459,12.9245370215
1512004274,31.29022022,121.21244898,206,31.2902305676,121.212435164,0.755381959947,1.74545369962
1512004276,31.29021373,121.21245198,206,31.2902278494,121.212433129,0.754210561048,2.38168604178
1512004278,31.29017546,121.21250612,206,31.29022931,121.212434222,0.754839978711,9.08350660235
1512004280,31.29011748,121.21258343,206,31.2902292611,121.212434186,0.754818940679,18.855509003
1512004282,31.29011748,121.21258343,206,31.2902292611,121.212434186,0.754818940679,18.855509003
1512004284,31.29008508,121.21257005,206,31.2902020849,121.212413831,0.743107481172,19.7366714834
1512004286,31.29008508,121.21257005,206,31.2902020849,121.212413831,0.743107481172,19.7366714834
1512004288,31.29007004,121.21252956,206,31.2901730221,121.212392064,0.730583009662,17.3712734352
1512004291,31.29004891,121.21244253,206,31.2901177272,121.212350649,0.706753945602,11.6082179282
1512004293,31.29001913,121.2123915,206,31.2900764916,121.212318927,0.688807576068,9.39124425638
1512004295,31.29000465,121.21250553,206,31.2901196016,121.212352053,0.70756170191,19.3903219039
1512004297,31.28999268,121.21249552,206,31.2901071303,121.212342712,0.702187274826,19.3057698335
1512004299,31.28997187,121.21247644,206,31.2900887254,121.212328597,0.694186265761,19.1316391562
1512004301,31.28997187,121.21247644,206,31.2900887254,121.212328597,0.694186265761,19.1316391562
1512004303,31.28982376,121.21223186,206,31.2898785825,121.2121625,0.601795211661,8.97555095224
1512004305,31.28982376,121.21223186,206,31.2898785825,121.2121625,0.601795211661,8.97555095224
1512004307,31.28975698,121.21214583,206,31.2897956285,121.212096933,0.565323795751,6.3275383722
1512004309,31.28975698,121.21214583,206,31.2897956285,121.212096933,0.565323795751,6.3275383722
1512004311,31.28990347,121.21200845,206,31.2898189582,121.212115373,0.575580930658,13.8363329669
1512004313,31.28982778,121.21207205,206,31.2898033123,121.212103006,0.568702063312,4.00585939136
1512004316,31.28972659,121.21214412,206,31.289776092,121.212081491,0.556734420351,8.10448108092
1512004318,31.28970999,121.21218101,206,31.2897838212,121.2120876,0.56013262715,12.0876674628
1512004320,31.28968599,121.21214868,206,31.2897533216,121.212063493,0.546723245445,11.0235587718
1512004322,31.28967607,121.21214902,206,31.2897473814,121.212058798,0.544111582403,11.6751317851
1512004324,31.28965847,121.21214692,206,31.2897355272,121.212049429,0.538899807037,12.6158863629
1512004326,31.28963384,121.21213792,206,31.2897159895,121.212033986,0.530309884026,13.4495995092
1512004328,31.2896126,121.21213552,206,31.2897017491,121.21202273,0.52404894741,14.5955719771
1512004330,31.2896156,121.21212581,206,31.2896988718,121.212020456,0.522783933032,13.6333398294
1512004332,31.2896156,121.21212581,206,31.2896988718,121.212020456,0.522783933032,13.6333398294
1512004334,31.28958069,121.21213151,206,31.2896801581,121.212005665,0.514556319446,16.2850234839
1512004336,31.28958069,121.21213151,206,31.2896801581,121.212005665,0.514556319446,16.2850234839
1512004338,31.28948228,121.21215924,206,31.2896330783,121.211968453,0.493857289365,24.6888629056
1512004340,31.28944762,121.21216315,206,31.2896136477,121.211953095,0.485314472303,27.1822431542
1512004343,31.28940884,121.21213911,206,31.2895780842,121.211924986,0.469678682215,27.7088559209
1512004345,31.28939068,121.21211124,206,31.2895533488,121.211905435,0.458803550749,26.6323234379
1512004347,31.28936863,121.21211618,290,0,0,0,0
1512004347,31.28936863,121.21211618,244,0,0,0,0
1512004347,31.28936863,121.21211618,394,0,0,0,0
1512004347,31.28936863,121.21211618,401,0,0,0,0
1512004347,31.28936863,121.21211618,399,31.2891311099,121.212150201,0.9999,26.5333892142
1512004349,31.28935011,121.21210734,398,31.2891311099,121.212150201,0.0001,24.6220765935
1512004351,31.28933309,121.21209837,398,31.2891311099,121.212150201,0.0001,22.9317596024
1512004353,31.28933309,121.21209837,398,31.2891311099,121.212150201,0.0001,22.9317596024
1512004355,31.28930916,121.21208898,398,31.2891311099,121.212150201,0.0001,20.5838302808
1512004357,31.28930916,121.21208898,398,31.2891311099,121.212150201,0.0001,20.5838302808
1512004359,31.28929026,121.21209372,398,31.2891311099,121.212150201,0.0001,18.4469770892
1512004361,31.28929026,121.21209372,398,31.2891311099,121.212150201,0.0001,18.4469770892
1512004363,31.28928123,121.21210186,398,31.2891311099,121.212150201,0.0001,17.2691746656
1512004366,31.28928123,121.21210186,398,31.2891311099,121.212150201,0.0001,17.2691746656
1512004368,31.28927713,121.21210225,398,31.2891311099,121.212150201,0.0001,16.8213528137
1512004370,31.28927713,121.21210225,398,31.2891311099,121.212150201,0.0001,16.8213528137
1512004372,31.28925368,121.21210625,398,31.2891311099,121.212150201,0.0001,14.2196206868
1512004374,31.28918554,121.21223307,398,31.2891396284,121.212237548,0.0864791688903,5.10824109052
1512004376,31.28917708,121.21230554,398,31.2891465499,121.212308517,0.156663139338,3.39686299138
1512004378,31.28918297,121.21233904,398,31.2891498417,121.212342271,0.190042735495,3.6859409254
1512004380,31.28917178,121.21236197,398,31.2891519515,121.212363904,0.211436090259,2.20617278112
1512004382,31.28917178,121.21236197,398,31.2891519515,121.212363904,0.211436090259,2.20617278112
1512004384,31.28913535,121.21238137,398,31.2891534824,121.212379602,0.226960060244,2.01746187211
1512004386,31.28913535,121.21238137,398,31.2891534824,121.212379602,0.226960060244,2.01746187211
1512004388,31.28908766,121.21244877,398,31.2891595444,121.212441759,0.288429478976,7.99805183103
1512004390,31.28904225,121.21257723,398,31.2891715268,121.212564622,0.409931609828,14.3836742427
1512004392,31.28905494,121.21262357,398,31.2891761231,121.212611751,0.456539032561,13.4831533382
1512004394,31.28905362,121.21264922,398,31.2891785887,121.212637032,0.481539877488,13.9043427308
1512004397,31.2890779,121.21268968,398,31.2891827262,121.212679457,0.523494483014,11.6632348349
1512004399,31.28908951,121.21273977,398,31.289187675,121.212730192,0.573667800925,10.922133528
1512004401,31.28910219,121.21281282,398,31.2891948551,121.212803778,0.646439857318,10.3101914526
1512004403,31.28910838,121.21285868,398,31.2891993459,121.212849804,0.691956151251,10.1211395354
1512004405,31.2890978,121.21286681,398,31.2892000319,121.212856835,0.698909068807,11.374629273
1512004407,31.2890978,121.21286681,398,31.2892000319,121.212856835,0.698909068807,11.374629273
1512004409,31.28909229,121.21289571,398,31.2892027732,121.21288493,0.72669296417,12.2926926885
1512004411,31.28909229,121.21289571,398,31.2892027732,121.21288493,0.72669296417,12.2926926885
1512004413,31.28908864,121.21297596,398,31.2892104951,121.21296407,0.804957307096,13.5579681121
1512004415,31.28908864,121.21297596,398,31.2892104951,121.21296407,0.804957307096,13.5579681121
1512004417,31.28908644,121.21308802,398,31.2892213053,121.213074861,0.9145214471,15.0055131993
1512004419,31.28915336,121.21304616,398,31.2892178905,121.213039864,0.879911605036,7.17985615244
1512004421,31.28920656,121.21303313,398,31.2892171328,121.213032098,0.872232353787,1.1763642816
1512004424,31.28924355,121.21303524,398,31.2892176856,121.213037764,0.877834914538,2.87775027725
1512004426,31.28928445,121.21304562,398,31.2892190746,121.213051999,0.891912527717,7.27386623302
1512004428,31.2893068,121.21306677,398,31.2892213295,121.21307511,0.914767420479,9.50969903395
1512004430,31.2893068,121.21306677,398,31.2892213295,121.21307511,0.914767420479,9.50969903395
1512004432,31.2893068,121.21306677,398,31.2892213295,121.21307511,0.914767420479,9.50969903395
1512004434,31.2893068,121.21306677,398,31.2892213295,121.21307511,0.914767420479,9.50969903395
1512004436,31.2893068,121.21306677,398,31.2892213295,121.21307511,0.914767420479,9.50969903395
1512004438,31.2893068,121.21306677,398,31.2892213295,121.21307511,0.914767420479,9.50969903395
1512004440,31.2893068,121.21306677,398,31.2892213295,121.21307511,0.914767420479,9.50969903395
1512004442,31.2893068,121.21306677,398,31.2892213295,121.21307511,0.914767420479,9.50969903395
1512004445,31.2893068,121.21306677,398,31.2892213295,121.21307511,0.914767420479,9.50969903395
1512004448,31.2893068,121.21306677,398,31.2892213295,121.21307511,0.914767420479,9.50969903395
1512004449,31.2893068,121.21306677,398,31.2892213295,121.21307511,0.914767420479,9.50969903395
1512004451,31.2893068,121.21306677,398,31.2892213295,121.21307511,0.914767420479,9.50969903395
1512004453,31.2893068,121.21306677,398,31.2892213295,121.21307511,0.914767420479,9.50969903395
1512004455,31.2893068,121.21306677,398,31.2892213295,121.21307511,0.914767420479,9.50969903395
1512004457,31.2893068,121.21306677,398,31.2892213295,121.21307511,0.914767420479,9.50969903395
1512004459,31.2893068,121.21306677,398,31.2892213295,121.21307511,0.914767420479,9.50969903395
1512004461,31.2893068,121.21306677,398,31.2892213295,121.21307511,0.914767420479,9.50969903395
1512004463,31.2893068,121.21306677,398,31.2892213295,121.21307511,0.914767420479,9.50969903395
1512004465,31.2893068,121.21306677,398,31.2892213295,121.21307511,0.914767420479,9.50969903395
1512004467,31.2893068,121.21306677,398,31.2892213295,121.21307511,0.914767420479,9.50969903395
1512004469,31.2893068,121.21306677,398,31.2892213295,121.21307511,0.914767420479,9.50969903395
1512004471,31.2893068,121.21306677,398,31.2892213295,121.21307511,0.914767420479,9.50969903395
1512004474,31.2893068,121.21306677,398,31.2892213295,121.21307511,0.914767420479,9.50969903395
1512004476,31.2893068,121.21306677,398,31.2892213295,121.21307511,0.914767420479,9.50969903395
1512004478,31.2893068,121.21306677,398,31.2892213295,121.21307511,0.914767420479,9.50969903395
1512004480,31.2893068,121.21306677,398,31.2892213295,121.21307511,0.914767420479,9.50969903395
1512004482,31.2893068,121.21306677,398,31.2892213295,121.21307511,0.914767420479,9.50969903395
1512004484,31.2893068,121.21306677,398,31.2892213295,121.21307511,0.914767420479,9.50969903395
1512004486,31.2893068,121.21306677,398,31.2892213295,121.21307511,0.914767420479,9.50969903395
1512004488,31.2893068,121.21306677,398,31.2892213295,121.21307511,0.914767420479,9.50969903395
1512004490,31.2893068,121.21306677,398,31.2892213295,121.21307511,0.914767420479,9.50969903395
1512004492,31.2893068,121.21306677,398,31.2892213295,121.21307511,0.914767420479,9.50969903395
1512004494,31.2893068,121.21306677,398,31.2892213295,121.21307511,0.914767420479,9.50969903395
1512004496,31.2893068,121.21306677,398,31.2892213295,121.21307511,0.914767420479,9.50969903395
1512004499,31.2893068,121.21306677,398,31.2892213295,121.21307511,0.914767420479,9.50969903395
1512004501,31.2893068,121.21306677,398,31.2892213295,121.21307511,0.914767420479,9.50969903395
1512004503,31.2893068,121.21306677,398,31.2892213295,121.21307511,0.914767420479,9.50969903395
1512004505,31.2893068,121.21306677,398,31.2892213295,121.21307511,0.914767420479,9.50969903395
1512004507,31.2893068,121.21306677,398,31.2892213295,121.21307511,0.914767420479,9.50969903395
1512004509,31.2893068,121.21306677,398,31.2892213295,121.21307511,0.914767420479,9.50969903395
1512004511,31.2893068,121.21306677,398,31.2892213295,121.21307511,0.914767420479,9.50969903395
1512004513,31.2893068,121.21306677,398,31.2892213295,121.21307511,0.914767420479,9.50969903395
1512004515,31.2893068,121.21306677,398,31.2892213295,121.21307511,0.914767420479,9.50969903395
1512004517,31.2893068,121.21306677,398,31.2892213295,121.21307511,0.914767420479,9.50969903395
1512004519,31.2893068,121.21306677,398,31.2892213295,121.21307511,0.914767420479,9.50969903395
1512004521,31.2893068,121.21306677,398,31.2892213295,121.21307511,0.914767420479,9.50969903395
1512004524,31.2893068,121.21306677,398,31.2892213295,121.21307511,0.914767420479,9.50969903395
1512004526,31.2893068,121.21306677,398,31.2892213295,121.21307511,0.914767420479,9.50969903395
1512004528,31.2893068,121.21306677,398,31.2892213295,121.21307511,0.914767420479,9.50969903395
1512004530,31.2893068,121.21306677,398,31.2892213295,121.21307511,0.914767420479,9.50969903395
1512004532,31.2893068,121.21306677,398,31.2892213295,121.21307511,0.914767420479,9.50969903395
1512004534,31.2893068,121.21306677,398,31.2892213295,121.21307511,0.914767420479,9.50969903395
1512004536,31.2893068,121.21306677,398,31.2892213295,121.21307511,0.914767420479,9.50969903395
1512004538,31.2893068,121.21306677,398,31.2892213295,121.21307511,0.914767420479,9.50969903395
1512004540,31.2893068,121.21306677,398,31.2892213295,121.21307511,0.914767420479,9.50969903395
1512004542,31.2893068,121.21306677,398,31.2892213295,121.21307511,0.914767420479,9.50969903395
1512004545,31.2893068,121.21306677,398,31.2892213295,121.21307511,0.914767420479,9.50969903395
1512004547,31.2893068,121.21306677,398,31.2892213295,121.21307511,0.914767420479,9.50969903395
1512004548,31.2893068,121.21306677,398,31.2892213295,121.21307511,0.914767420479,9.50969903395
1512004551,31.2893068,121.21306677,398,31.2892213295,121.21307511,0.914767420479,9.50969903395
1512004553,31.2893068,121.21306677,398,31.2892213295,121.21307511,0.914767420479,9.50969903395
1512004555,31.2893068,121.21306677,398,31.2892213295,121.21307511,0.914767420479,9.50969903395
1512004557,31.2893068,121.21306677,398,31.2892213295,121.21307511,0.914767420479,9.50969903395
1512004559,31.2893068,121.21306677,398,31.2892213295,121.21307511,0.914767420479,9.50969903395
1512004561,31.2893068,121.21306677,398,31.2892213295,121.21307511,0.914767420479,9.50969903395
1512004563,31.2893068,121.21306677,398,31.2892213295,121.21307511,0.914767420479,9.50969903395
1512004565,31.2893068,121.21306677,398,31.2892213295,121.21307511,0.914767420479,9.50969903395
1512004567,31.2893068,121.21306677,398,31.2892213295,121.21307511,0.914767420479,9.50969903395
1512004569,31.2893068,121.21306677,398,31.2892213295,121.21307511,0.914767420479,9.50969903395
1512004571,31.2893068,121.21306677,398,31.2892213295,121.21307511,0.914767420479,9.50969903395
1512004573,31.2893068,121.21306677,398,31.2892213295,121.21307511,0.914767420479,9.50969903395
1512004575,31.2893068,121.21306677,398,31.2892213295,121.21307511,0.914767420479,9.50969903395
1512004578,31.2893068,121.21306677,398,31.2892213295,121.21307511,0.914767420479,9.50969903395
1512004580,31.2893068,121.21306677,398,31.2892213295,121.21307511,0.914767420479,9.50969903395
1512004582,31.2893068,121.21306677,398,31.2892213295,121.21307511,0.914767420479,9.50969903395
1512004584,31.2893068,121.21306677,398,31.2892213295,121.21307511,0.914767420479,9.50969903395
1512004586,31.2893068,121.21306677,398,31.2892213295,121.21307511,0.914767420479,9.50969903395
1512004588,31.2893068,121.21306677,398,31.2892213295,121.21307511,0.914767420479,9.50969903395
1512004590,31.2893068,121.21306677,398,31.2892213295,121.21307511,0.914767420479,9.50969903395
1512004592,31.2893068,121.21306677,398,31.2892213295,121.21307511,0.914767420479,9.50969903395
1512004594,31.2893068,121.21306677,398,31.2892213295,121.21307511,0.914767420479,9.50969903395
1512004596,31.2893068,121.21306677,398,31.2892213295,121.21307511,0.914767420479,9.50969903395
1512004598,31.2893068,121.21306677,398,31.2892213295,121.21307511,0.914767420479,9.50969903395
1512004600,31.28907859,121.21319276,398,31.2892296903,121.213161199,0.9999,17.0205400301
1512004602,31.28907701,121.21312819,398,31.2892250989,121.213113741,0.9529707959,16.4768100954
1512004604,31.28910232,121.21304019,398,31.2892168321,121.213029017,0.869184838926,12.7409634924
1512004606,31.28911062,121.21305668,398,31.2892185042,121.213046153,0.886131843154,12.0035204682
1512004609,31.28913421,121.21306908,398,31.2892199252,121.213060717,0.900533723429,9.53692663025
1512004611,31.2890949,121.21304647,398,31.2892173691,121.21303452,0.874627529797,13.6262833109
1512004613,31.28908446,121.21303296,398,31.2892159649,121.213020129,0.860395198889,14.6316301034
1512004615,31.28911288,121.21304958,398,31.2892178393,121.213039339,0.879392671369,11.6780852442
1512004617,31.28910801,121.21304203,398,31.2892170636,121.213031389,0.871531174614,12.1336345435
1512004619,31.28908907,121.21303042,398,31.2892157629,121.213018058,0.858347640067,14.0962301596
1512004621,31.2890826,121.21302734,398,31.2892154042,121.213014382,0.854712041103,14.7761910403
1512004623,31.2890826,121.21302734,398,31.2892154042,121.213014382,0.854712041103,14.7761910403
1512004625,31.28907771,121.21302113,398,31.2892147579,121.213007758,0.848161302037,15.2483547527
1512004627,31.28912341,121.21302909,398,31.2892159582,121.21302006,0.860327069553,10.2971887711
1512004629,31.28914366,121.21301431,398,31.2892147206,121.213007376,0.847784068252,7.90641944437
1512004632,31.28914359,121.21301445,398,31.2892147335,121.213007508,0.847914522032,7.91563993955
1512004634,31.28915713,121.21303006,398,31.2892163699,121.21302428,0.864500327016,6.59121369804
1512004636,31.28914384,121.21302103,398,31.2892153718,121.21301405,0.854384211803,7.95884675728
1512004638,31.28913403,121.21302684,398,31.2892158409,121.213018858,0.859138046662,9.10252304193
1512004640,31.28914005,121.21302812,398,31.2892160214,121.213020707,0.860967346356,8.45280141915
1512004642,31.28914364,121.21303134,398,31.2892163664,121.213024244,0.864464812298,8.09176155494
1512004644,31.28914334,121.21303336,398,31.2892165589,121.213026216,0.866414937578,8.14654841756
1512004646,31.28914254,121.2130373,398,31.2892169321,121.213030041,0.870198111246,8.27708950178
1512004648,31.28914076,121.21304018,398,31.2892171937,121.213032722,0.872849233857,8.50424095535
1512004650,31.28913807,121.213041,398,31.2892172476,121.213033274,0.873395392211,8.8095339784
1512004652,31.28913807,121.213041,398,31.2892172476,121.213033274,0.873395392211,8.8095339784
1512004654,31.2891242,121.21304262,398,31.2892172734,121.213033539,0.873656621498,10.35561935
1512004657,31.28911649,121.21304345,398,31.2892172809,121.213033616,0.873732751792,11.2142927334
1512004659,31.28911704,121.21305789,398,31.2892186817,121.213047973,0.887930803568,11.3089605951
1512004661,31.28911765,121.21307136,398,31.2892199894,121.213061374,0.901184374435,11.3865844105
1512004663,31.28911447,121.21306772,398,31.2892196076,121.213057461,0.897314663639,11.6979200418
1512004665,31.28910956,121.21306647,398,31.2892194404,121.213055749,0.895620848638,12.2256270598
1512004667,31.28910539,121.21306993,398,31.2892197355,121.213058773,0.898611699405,12.7224265033
1512004669,31.28910539,121.21306993,398,31.2892197355,121.213058773,0.898611699405,12.7224265033
1512004671,31.28910271,121.21307005,398,31.2892197219,121.213058633,0.8984730908,13.0190897049
1512004673,31.28910271,121.21307005,398,31.2892197219,121.213058633,0.8984730908,13.0190897049
1512004675,31.28910148,121.21307378,398,31.2892200708,121.213062209,0.902009447167,13.1947643785
1512004677,31.28910148,121.21307378,398,31.2892200708,121.213062209,0.902009447167,13.1947643785
1512004679,31.28910251,121.21308145,398,31.2892208218,121.213069906,0.909621459626,13.1637261836
1512004681,31.28910253,121.21308733,398,31.2892213903,121.213075732,0.915383442641,13.2247544676
1512004683,31.2891028,121.21308904,398,31.2892215581,121.213077452,0.917084372718,13.2133858275
1512004686,31.28910312,121.21309018,398,31.2892216713,121.213078613,0.918231707642,13.1903768136
1512004688,31.28910298,121.21309151,398,31.2892217986,121.213079917,0.919521199384,13.220109337
1512004690,31.28910313,121.21309194,398,31.2892218415,121.213080357,0.919956766467,13.2082014295
1512004692,31.28910313,121.21309194,398,31.2892218415,121.213080357,0.919956766467,13.2082014295
1512004694,31.28910365,121.21309385,398,31.2892220311,121.213082299,0.921877512964,13.1714301292
1512004696,31.28910365,121.21309385,398,31.2892220311,121.213082299,0.921877512964,13.1714301292
1512004698,31.28910409,121.21309529,398,31.2892221744,121.213083768,0.923330198976,13.1384216201
1512004700,31.28910409,121.21309529,398,31.2892221744,121.213083768,0.923330198976,13.1384216201
1512004702,31.28910406,121.21309626,398,31.2892222679,121.213084726,0.92427754736,13.1521592536
1512004704,31.28910406,121.21309626,398,31.2892222679,121.213084726,0.92427754736,13.1521592536
1512004706,31.2891031,121.2130977,398,31.289222398,121.21308606,0.925596417884,13.2734499388
1512004708,31.28910227,121.21309936,398,31.2892225506,121.213087624,0.927143227024,13.3827786876
1512004711,31.28909958,121.21310698,398,31.2892232617,121.213094912,0.934350692419,13.7611978002
1512004713,31.28908661,121.21312285,398,31.2892246733,121.213109379,0.94865730259,15.3613329992
1512004715,31.28906311,121.21313872,404,31.2892093581,121.213205709,0.0661741883221,17.4245595409
1512004717,31.28889102,121.2133557,404,31.2890973612,121.213450215,0.430510185774,24.5842903598
1512004719,31.28885513,121.21337934,404,31.2890821864,121.213483344,0.479874972745,27.0524102557
1512004721,31.28882129,121.21342496,404,31.2890590453,121.213533865,0.555155315312,28.327111752
1512004723,31.28879554,121.2134808,404,31.2890334376,121.21358977,0.638459179538,28.3440778525
1512004725,31.28877022,121.21353444,252,31.2887240997,121.213822753,0.108973686093,27.9239777425
1512004727,31.28877022,121.21353444,252,31.2887240997,121.213822753,0.108973686093,27.9239777425
1512004729,31.28873543,121.21358087,252,31.2886974197,121.213818485,0.123799947029,23.0137363461
1512004731,31.28865824,121.21368189,252,31.2886379122,121.213808966,0.156868598509,12.3076806323
1512004733,31.2886069,121.21372769,252,31.2885949968,121.213802101,0.18071692747,7.20686855129
1512004735,31.28856427,121.21374531,252,31.2885561787,121.213795891,0.202288358729,4.89891235741
1512004738,31.28855013,121.21375283,252,31.2885435645,121.213793873,0.209298180239,3.97514574105
1512004740,31.28853825,121.21375859,252,31.2885328793,121.213792164,0.215235992011,3.25172740534
1512004742,31.28848643,121.2137376,252,31.2884723615,121.213773697,0.250136594099,3.77436071754
1512004744,31.28845252,121.21374025,252,31.2884438198,121.213762573,0.266945745522,2.33413547594
1512004746,31.28842861,121.21372988,252,31.2884195541,121.213753116,0.281236598157,2.4295644907
1512004748,31.28842861,121.21372988,252,31.2884195541,121.213753116,0.281236598157,2.4295644907
1512004750,31.28839578,121.21373003,252,31.2883911041,121.213742027,0.297991735745,1.25448082702
1512004753,31.28839578,121.21373003,252,31.2883911041,121.213742027,0.297991735745,1.25448082702
1512004754,31.28832924,121.21371892,252,31.2883295795,121.213718049,0.334225526368,0.0910933870407
1512004756,31.28824246,121.21365146,252,31.2882301697,121.213674847,0.393787420611,2.6106712541
1512004759,31.28817765,121.21364735,252,31.2881776923,121.21364727,0.426317421577,0.00896939124804
1512004761,31.28813738,121.21364018,252,31.2881431843,121.213629135,0.447708450353,1.23293293451
1512004763,31.28809186,121.21364532,252,31.2881096316,121.213611503,0.46850731621,3.77498874173
1512004765,31.28805355,121.21364917,252,31.2880811974,121.21359656,0.486133281307,5.87277986007
1512004767,31.28802761,121.21366426,252,31.2880670848,121.213589144,0.494881462259,8.38513288344
1512004769,31.28802761,121.21366426,252,31.2880670848,121.213589144,0.494881462259,8.38513288344
1512004771,31.2879676,121.21367586,252,31.2880487587,121.213576474,0.507166198812,13.0584562531
1512004773,31.2879676,121.21367586,252,31.2880487587,121.213576474,0.507166198812,13.0584562531
1512004775,31.28793567,121.21366341,252,31.2880235032,121.21355585,0.525058235357,14.132391426
1512004777,31.28793567,121.21366341,252,31.2880235032,121.21355585,0.525058235357,14.132391426
1512004779,31.28796262,121.2136164,252,31.2880166409,121.213550246,0.529919766433,8.69195754701
1512004781,31.28796262,121.2136164,252,31.2880166409,121.213550246,0.529919766433,8.69195754701
1512004783,31.28794158,121.21354568,252,31.2879693718,121.213511646,0.56340724149,4.47168838548
1512004786,31.28794158,121.21354568,252,31.2879693718,121.213511646,0.56340724149,4.47168838548
1512004788,31.28794877,121.21349591,252,31.2879493025,121.213495258,0.577625144936,0.0856796837414
1512004790,31.28788373,121.2134873,252,31.2879060643,121.21345995,0.608256927626,3.59357936023
1512004792,31.28788373,121.2134873,252,31.2879060643,121.21345995,0.608256927626,3.59357936023
1512004794,31.28785066,121.21346766,252,31.2878766024,121.213435891,0.62912894426,4.17412933222
1512004796,31.28785066,121.21346766,252,31.2878766024,121.213435891,0.62912894426,4.17412933222
1512004798,31.28760488,121.21325794,252,31.2876264051,121.21323158,0.806379182432,3.46339584015
1512004800,31.28760488,121.21325794,252,31.2876264051,121.21323158,0.806379182432,3.46339584015
1512004802,31.28760488,121.21325794,252,31.2876264051,121.21323158,0.806379182432,3.46339584015
1512004804,31.28722726,121.21306693,437,31.2872922057,121.213107028,0.393882864574,8.15039471089
1512004806,31.28722726,121.21306693,437,31.2872922057,121.213107028,0.393882864574,8.15039471089
1512004808,31.28741447,121.21304609,437,31.2873530845,121.213008425,0.0001,7.6931334825
1512004810,31.28741766,121.21305101,437,31.2873518708,121.213010391,0.00795101043041,8.25625005025
1512004812,31.28741094,121.21304915,437,31.2873508476,121.213012048,0.0145694776818,7.54132939086
1512004815,31.2873876,121.21300722,437,31.2873530845,121.213008425,0.0001,3.82860118103
1512004817,31.28737945,121.212981,437,31.2873530845,121.213008425,0.0001,3.9197365576
1512004819,31.28734935,121.21299519,437,31.2873530845,121.213008425,0.0001,1.32647131878
1512004821,31.28734027,121.21298566,437,31.2873530845,121.213008425,0.0001,2.59175033235
1512004823,31.2873151,121.21297182,437,31.2873530845,121.213008425,0.0001,5.46669845943
1512004825,31.28731375,121.21297108,437,31.2873530845,121.213008425,0.0001,5.62708489566
1512004827,31.28730715,121.21296821,437,31.2873530845,121.213008425,0.0001,6.37184898557
1512004829,31.28728204,121.21296068,437,31.2873530845,121.213008425,0.0001,9.09475045675
1512004831,31.28725699,121.21298268,437,31.2873380717,121.213032741,0.0972077330661,10.1753862774
1512004833,31.28725699,121.21298268,437,31.2873380717,121.213032741,0.0972077330661,10.1753862774
1512004835,31.28723532,121.21301483,437,31.2873177195,121.213065704,0.228851708034,10.3407699221
1512004837,31.2871774,121.21303372,437,31.2872932901,121.213105272,0.386868791362,14.5436857624
1512004839,31.28712075,121.21306414,455,31.2870563294,121.213143738,0.155361474785,10.4143734935
1512004842,31.2870918,121.21307384,455,31.2870435804,121.21313342,0.169293362953,7.79528907429
1512004844,31.28704983,121.21307837,455,31.2870204361,121.213114689,0.194585029903,4.75188753093
1512004846,31.2870213,121.21308178,455,31.2870048649,121.213102087,0.211600890637,2.656931453
1512004848,31.28699424,121.21310042,455,31.2869976297,121.213096232,0.219507406636,0.5479851209
1512004850,31.28698244,121.21310081,455,31.2869906905,121.213090616,0.227090437155,1.33379271271
1512004852,31.28696616,121.21309981,455,31.2869803646,121.213082259,0.238374372385,2.29634854213
1512004854,31.28696605,121.21309154,455,31.286976254,121.213078932,0.242866386039,1.6495991492
1512004856,31.28690629,121.2130229,455,31.2869065792,121.213022543,0.319005747815,0.046749261161
1512004858,31.28690629,121.2130229,455,31.2869065792,121.213022543,0.319005747815,0.046749261161
1512004860,31.28685408,121.21298068,455,31.2868543861,121.212980302,0.376041399632,0.0494836845178
1512004863,31.28685408,121.21298068,455,31.2868543861,121.212980302,0.376041399632,0.0494836845178
1512004864,31.28670467,121.21282292,455,31.286686961,121.212844801,0.559000489118,2.86288029414
1512004866,31.28670467,121.21282292,455,31.286686961,121.212844801,0.559000489118,2.86288029414
1512004869,31.28662096,121.21285279,455,31.2866509878,121.212815688,0.598311359749,4.85436623082
1512004871,31.2865645,121.21281032,455,31.2865961045,121.212771269,0.658286847871,5.1092581954
1512004873,31.28653768,121.21279352,455,31.2865716836,121.212751505,0.684973573779,5.49710178541
1512004875,31.28651664,121.21278515,455,31.2865548775,121.212737904,0.703338930429,6.18157185433
1512004877,31.2865065,121.21277908,455,31.2865457823,121.212730543,0.713278017663,6.35047449049
1512004879,31.28651743,121.21282337,455,31.286574045,121.212753416,0.682393023901,9.15252704868
1512004881,31.28651743,121.21282337,455,31.286574045,121.212753416,0.682393023901,9.15252704868
1512004883,31.28651564,121.21285237,455,31.2865871449,121.212764018,0.668077719177,11.5596620726
1512004885,31.28651564,121.21285237,455,31.2865871449,121.212764018,0.668077719177,11.5596620726
1512004887,31.28645274,121.21284398,455,31.286545036,121.212729939,0.714093572132,14.9208539083
1512004889,31.28641004,121.21285756,455,31.2865258762,121.212714432,0.735031048458,18.7264397373
1512004891,31.28640391,121.21289132,455,31.2865386814,121.212724796,0.721037726767,21.7875681562
1512004893,31.28641944,121.21289352,455,31.2865491409,121.212733261,0.709607745721,20.9678581708
1512004896,31.28644692,121.21288059,455,31.2865594222,121.212741582,0.698372556708,18.1874564523
1512004898,31.28646443,121.21283325,455,31.2865468523,121.212731409,0.712108736626,13.3246426596
1512004900,31.28646937,121.21280601,455,31.2865365164,121.212723044,0.723403601301,10.8550615314
1512004902,31.28646788,121.21275188,455,31.2865091457,121.212700892,0.753313811229,6.67111958283
1512004904,31.28646788,121.21275188,455,31.2865091457,121.212700892,0.753313811229,6.67111958283
1512004906,31.28644411,121.21265621,455,31.286447999,121.212651405,0.82013376057,0.628711978743
1512004908,31.28641272,121.21262152,455,31.2864120679,121.212622326,0.859398173558,0.105428812614
1512004910,31.28641272,121.21262152,455,31.2864120679,121.212622326,0.859398173558,0.105428812614
1512004912,31.28639265,121.21260684,455,31.2863927616,121.212606702,0.880495067058,0.0180243420902
1512004914,31.28639265,121.21260684,455,31.2863927616,121.212606702,0.880495067058,0.0180243420902
1512004916,31.28634214,121.21256099,455,31.2863398192,121.212563858,0.93834793071,0.375203745449
1512004918,31.2862601,121.21245902,137,31.2862833529,121.212518277,0.0001,6.20342357129
1512004920,31.2862364,121.2124623,137,31.2862833529,121.212518277,0.0001,7.45050177174
1512004923,31.28619953,121.21242462,145,0,0,0,0
1512004923,31.28619953,121.21242462,150,0,0,0,0
1512004923,31.28619953,121.21242462,85,0,0,0,0
1512004923,31.28619953,121.21242462,83,0,0,0,0
1512004923,31.28619953,121.21242462,90,31.286186843,121.212421754,0.9999,1.4328897061
1512004925,31.28615022,121.21241493,91,31.2861613375,121.212401161,0.0448481904572,1.79954463996
1512004927,31.28610332,121.21240054,91,31.2861259127,121.212372558,0.106999426693,3.65698062075
1512004929,31.28608673,121.21241035,91,31.2861206646,121.212368321,0.116206903043,5.49285208903
1512004931,31.28607954,121.21244117,91,31.2861313761,121.212376969,0.0974141559842,8.39048289752
1512004933,31.28605905,121.21244744,91,31.2861220369,121.212369429,0.113799386278,10.1954124837
1512004935,31.28605905,121.21244744,91,31.2861220369,121.212369429,0.113799386278,10.1954124837
1512004937,31.28602856,121.21241969,91,31.286090016,121.212343575,0.169978551543,9.94761634049
1512004939,31.28602856,121.21241969,91,31.286090016,121.212343575,0.169978551543,9.94761634049
1512004941,31.28598777,121.2123931,91,31.2860523269,121.212313144,0.236102367988,10.4495452517
1512004943,31.28592127,121.21234,91,31.2859861166,121.212259686,0.352265287655,10.4964411512
1512004945,31.28594618,121.21233203,91,31.2859973006,121.212268716,0.332643481125,8.27466947282
1512004948,31.28591106,121.21229688,91,31.2859588599,121.212237678,0.400085781985,7.73717547136
1512004950,31.28590713,121.21227286,91,31.2859447405,121.212226278,0.424857613375,6.08786029388
1512004952,31.28589078,121.21225651,91,31.2859268514,121.212211834,0.456243177168,5.83873645686
1512004954,31.28584518,121.21225124,91,31.2858966712,121.212187467,0.509193040273,8.33466872985
1512004956,31.28583025,121.21222567,91,31.2858751352,121.212170078,0.546976882651,7.26539025401
1512004958,31.28581928,121.21217707,91,31.2858447401,121.212145537,0.600303819581,4.12111638065
1512004960,31.28580283,121.21214117,91,31.2858172349,121.212123329,0.648560303227,2.3316674052
1512004962,31.28580283,121.21214117,91,31.2858172349,121.212123329,0.648560303227,2.3316674052
1512004964,31.28576,121.21210349,91,31.2857728904,121.212087525,0.726360763439,2.08651432985
1512004966,31.28576,121.21210349,91,31.2857728904,121.212087525,0.726360763439,2.08651432985
1512004968,31.28570985,121.21203893,91,31.2857160859,121.212033571,0.833741139589,0.859329254584
1512004970,31.28567286,121.21198709,91,31.2856747461,121.211985469,0.92031968751,0.259905149321
1512004972,31.28564344,121.21196951,91,31.2856535575,121.211960815,0.964695198484,1.39422061449
1512004975,31.28561375,121.21195229,91,31.2856367477,121.211941256,0.9999,2.7578455141
1512004977,31.28557633,121.21191021,82,31.2855981883,121.211958597,0.0661505744876,5.20585401186
1512004979,31.28554288,121.21185108,82,31.2855925916,121.211961125,0.0757638337508,11.8395640749
1512004981,31.28551195,121.21187013,82,31.2855597566,121.211975958,0.132163780509,11.385849624
1512004983,31.28548273,121.21187415,82,31.2855339806,121.211987602,0.176438508736,12.2061002136
1512004985,31.2854548,121.21188164,82,31.2854849943,121.212005129,0.258222957436,12.2257813842
1512004987,31.28542819,121.21189072,82,31.2854577905,121.212011781,0.302061247585,11.9853625374
1512004989,31.28540335,121.21189298,82,31.2854338303,121.21201764,0.340672498157,12.3416227713
1512004991,31.28537735,121.21189265,82,31.2854093732,121.21202362,0.380084668061,12.96633131
1512004993,31.28537735,121.21189265,82,31.2854093732,121.21202362,0.380084668061,12.96633131
1512004995,31.28535946,121.21190666,82,31.2853892601,121.212028537,0.412496513066,12.0661844828
1512004997,31.28536358,121.21192645,82,31.2853885818,121.212028703,0.413589540368,10.1233400685
1512005000,31.28533223,121.21195119,82,31.2853532924,121.212037332,0.470457617332,8.52821971052
1512005002,31.2853185,121.21199869,82,31.2853342,121.212042,0.501224608182,4.47623355053
1512005004,31.28531029,121.21205687,82,31.2853104631,121.212057141,0.54529738898,0.0321940599588
1512005006,31.28528407,121.21206598,82,31.2852876959,121.212071664,0.587569762659,0.674221949436
1512005008,31.28526803,121.21207744,82,31.285271099,121.212082251,0.618385629301,0.570668216525
1512005010,31.28525041,121.21207555,82,31.285259432,121.212089694,0.640048150862,1.67757814228
1512005012,31.28521815,121.21206576,82,31.2852566,121.2120915,0.645306328117,4.91743705184
1512005014,31.2851826,121.21204992,82,31.2852530073,121.212096886,0.655440843784,8.99656571695
1512005016,31.28514447,121.2120297,99,31.2850737967,121.21206893,0.329040490226,8.68066736015
1512005018,31.28514447,121.2120297,99,31.2850737967,121.21206893,0.329040490226,8.68066736015
1512005020,31.28508041,121.21200174,99,31.2850468431,121.212020373,0.409479614542,4.12296488183
1512005022,31.28500472,121.21196799,99,31.2850178071,121.211963075,0.502710015596,1.52462840888
1512005025,31.28496323,121.21195617,99,31.2850087883,121.21193906,0.539864848818,5.30747182398
1512005027,31.28491583,121.21193354,99,31.2849954811,121.211903627,0.594686811479,9.27922461416
1512005029,31.28490286,121.21191155,96,31.284843051,121.211865108,0.450687186649,7.97051899047
1512005031,31.28485092,121.21189447,96,31.2848317875,121.211879614,0.481965298829,2.54971856437
1512005033,31.28483113,121.21188877,96,31.2848271046,121.211885644,0.494969380501,0.536450124771
1512005035,31.28481509,121.21188643,96,31.2848222046,121.211891955,0.508576258546,0.948141334136
1512005037,31.28479506,121.21190432,96,31.284806004,121.211912818,0.553564316554,1.45846869783
1512005039,31.28476867,121.21192623,96,31.2847801416,121.211939316,0.616904257957,1.7805345595
1512005041,31.28473632,121.21193269,96,31.2847586471,121.211958159,0.665587396771,3.46544331555
1512005043,31.28473632,121.21193269,96,31.2847586471,121.211958159,0.665587396771,3.46544331555
1512005045,31.28469877,121.21193857,96,31.284723385,121.211984768,0.741259176235,5.17677189655
1512005047,31.28466962,121.21192834,96,31.2847049259,121.211994603,0.7768813595,7.42519416635
1512005049,31.28465151,121.21193225,96,31.2846891977,121.212002984,0.807233668153,7.92610641731
1512005052,31.284578,121.21191496,132,31.2845326707,121.211939271,0.62057524452,5.53335116031
1512005054,31.28452685,121.21191019,132,31.2845192576,121.211914262,0.798703779269,0.926803919841
1512005056,31.28449788,121.21193941,132,31.2845249567,121.211924888,0.723019117725,3.30524912483
1512005058,31.28448875,121.21193725,132,31.2845220175,121.211919408,0.76205241852,4.06095947197
1512005060,31.28447208,121.21193487,132,31.2845173023,121.211910616,0.82467109897,5.52028417897
1512005062,31.28445785,121.21192504,132,31.2845100291,121.211897055,0.921260290225,6.36950533862
1512005064,31.28444437,121.21189557,132,31.2845041075,121.211886014,0.9999,6.68556972672
1512005066,31.28444062,121.21185973,523,31.2845040979,121.211859725,0.00942335248292,7.03806919606
1512005068,31.28444312,121.21182549,523,31.2845040951,121.211825485,0.0217031637155,6.76057625932
1512005070,31.28445755,121.21175374,523,31.2845040893,121.211753736,0.0474352702488,5.16001579645
1512005072,31.28447226,121.21173651,523,31.2845040879,121.211736507,0.053614236028,3.52889937697
1512005074,31.28448236,121.21175273,523,31.2845040892,121.211752728,0.0477967785265,2.40921372231
1512005077,31.28449257,121.21171354,523,31.2845040861,121.211713539,0.0618516413793,1.2768350335
1512005079,31.28453217,121.21165245,523,31.2845040811,121.211652452,0.0837598998616,3.11433766961
1512005081,31.28454539,121.21166213,523,31.2845040819,121.211662133,0.0802878670487,4.58001000586
1512005083,31.28454612,121.21161532,523,31.2845040781,121.211615323,0.0970758528206,4.66136802861
1512005085,31.28455323,121.21157495,523,31.2845040748,121.211574954,0.11155400252,5.45004677054
1512005087,31.28455624,121.21153456,523,31.2845040716,121.211534564,0.126039443963,5.78414078378
1512005089,31.28455919,121.21148974,523,31.284504068,121.211489744,0.142113668835,6.11162205903
1512005091,31.28455987,121.21145163,523,31.2845040649,121.211451635,0.155781475324,6.18735835278
1512005093,31.28455611,121.21141738,523,31.2845040621,121.211417384,0.168065054537,5.77077784491
1512005095,31.28454929,121.2113811,523,31.2845040592,121.211381104,0.181076764679,5.01493997562
1512005097,31.2845406,121.21134653,523,31.2845040564,121.211346533,0.193475252153,4.05175170531
1512005099,31.28453873,121.21129572,523,31.2845040523,121.211295723,0.211697879201,3.84487224101
1512005102,31.28454718,121.211232,523,31.2845040471,121.211232003,0.234550268221,4.78233200766
1512005104,31.28453125,121.21118992,523,31.2845040437,121.211189922,0.249642363092,3.01648066295
1512005106,31.2845198,121.21117465,523,31.2845040425,121.211174651,0.255119150354,1.74710608422
1512005108,31.284516,121.21111854,523,31.2845040379,121.211118541,0.275242633141,1.32628661643
1512005110,31.28451258,121.21108362,523,31.2845040351,121.211083621,0.287766492276,0.94740940276
1512005112,31.28450946,121.21106692,523,31.2845040338,121.21106692,0.293755895228,0.601631123344
1512005114,31.28450148,121.21103215,523,31.2845040309,121.21103215,0.306226090402,0.282834546717
1512005116,31.28449526,121.2110006,523,31.2845040284,121.211000599,0.317541409009,0.972190202144
1512005118,31.28449292,121.2109733,523,31.2845040262,121.210973299,0.327332388859,1.23139142724
1512005120,31.28449142,121.21094123,523,31.2845040236,121.210941229,0.338834064131,1.39741541053
1512005122,31.2844974,121.21087601,523,31.2845040183,121.210876009,0.362224486993,0.733801886213
1512005124,31.28449818,121.21084899,523,31.2845040161,121.21084899,0.37191495674,0.647077596987
1512005126,31.28449712,121.21079417,523,31.2845040117,121.210794169,0.391575712566,0.76411286656
1512005129,31.2844652,121.21093565,523,31.2845040231,121.210935647,0.340836044005,4.30449125693
1512005131,31.28445875,121.2108963,523,31.28450402,121.210896296,0.354948772708,5.01927807303
1512005133,31.28442677,121.21088467,523,31.284504019,121.210884664,0.359120700506,8.564935998
1512005135,31.28441868,121.21085559,523,31.2845040167,121.210855583,0.369550228941,9.46164885599
1512005137,31.28442242,121.21080686,523,31.2845040127,121.210806853,0.387026719021,9.04654178028
1512005139,31.28442779,121.21075816,523,31.2845040088,121.210758154,0.404492402588,8.45070975536
1512005141,31.28443157,121.21072841,523,31.2845040064,121.210728404,0.415161876516,8.03133789418
1512005143,31.28443668,121.21068989,523,31.2845040033,121.210689885,0.428976597514,7.46442448623
1512005145,31.28443556,121.21065678,523,31.2845040006,121.210656774,0.440851248888,7.58830688521
1512005147,31.28443197,121.21062455,523,31.284504,121.21062455,0.452408278239,7.9862806099
1512005149,31.28442177,121.21056743,523,31.284504,121.21056743,0.472893878757,9.11719913928
1512005151,31.28442844,121.21053078,523,31.284504,121.21053078,0.486038088471,8.37766712105
1512005154,31.28443598,121.21049767,523,31.284504,121.21049767,0.497912707398,7.54167440299
1512005156,31.28445909,121.21047469,523,31.284504,121.21047469,0.506154288277,4.97936780425
1512005158,31.28440602,121.21041317,523,31.284504,121.21041317,0.528217911242,10.8634703953
1512005160,31.28438067,121.21041811,523,31.284504,121.21041811,0.526446222398,13.6741355518
1512005162,31.28438323,121.2103772,523,31.284504,121.2103772,0.541118244754,13.3902971768
1512005164,31.28444912,121.21028861,523,31.284504,121.21028861,0.572890292194,6.08478523401
1512005166,31.28446334,121.21023466,523,31.284504,121.21023466,0.592238999266,4.50815174723
1512005169,31.28449026,121.2102098,523,31.284504,121.2102098,0.6011548261,1.52341380097
1512005171,31.28455665,121.2101188,523,31.284504,121.2101188,0.633791199469,5.83753544838
1512005173,31.2845472,121.21008532,523,31.284504,121.21008532,0.645798515737,4.78977267235
1512005175,31.28445387,121.21007225,523,31.284504,121.21007225,0.650485959696,5.55813199454
1512005177,31.28444584,121.21006652,523,31.284504,121.21006652,0.652540975293,6.44845315558
1512005179,31.2844379,121.21003768,523,31.284504,121.21003768,0.662884195161,7.32879562161
1512005181,31.28443669,121.21002781,523,31.284504,121.21002781,0.666423986426,7.46295360363
1512005183,31.28443028,121.21002151,523,31.284504,121.21002151,0.668683427658,8.17365828827
1512005185,31.28442146,121.21001103,523,31.284504,121.21001103,0.672441990217,9.15157019356
1512005187,31.2844186,121.20998917,523,31.284504,121.20998917,0.680281892657,9.46867087911
1512005189,31.28442723,121.20994121,523,31.284504,121.20994121,0.697482337349,8.51182510336
1512005191,31.28443687,121.20989175,523,31.284504,121.20989175,0.715220744237,7.44299621752
1512005194,31.28443734,121.20984821,523,31.284504,121.20984821,0.730835993647,7.39088526512
1512005196,31.28441762,121.20983655,523,31.284504,121.20983655,0.735017753136,9.57732775664
1512005198,31.2843975,121.20983001,523,31.284504,121.20983001,0.737363268321,11.8081199877
1512005200,31.28435894,121.20980182,523,31.284504,121.20980182,0.74747337124,16.0834354955
1512005202,31.28434886,121.20978223,523,31.284504,121.20978223,0.754499157549,17.2010490894
1512005204,31.28435138,121.20974236,523,31.284504,121.20974236,0.768798192781,16.9216456915
1512005206,31.28435454,121.2096957,523,31.284504,121.2096957,0.785532403569,16.5712827001
1512005208,31.28434733,121.20968084,523,31.284504,121.20968084,0.790861815746,17.3706868671
1512005210,31.28432694,121.20966391,523,31.284504,121.20966391,0.796933615759,19.6314151502
1512005212,31.28432694,121.20966391,523,31.284504,121.20966391,0.796933615759,19.6314151502
1512005214,31.28427056,121.2096517,523,31.284504,121.2096517,0.801312628057,25.8825117639
1512005216,31.28427056,121.2096517,523,31.284504,121.2096517,0.801312628057,25.8825117639
1512005219,31.28423348,121.20960169,523,31.284504,121.20960169,0.81924828775,29.9937331302
1512005221,31.28423462,121.20954625,523,31.284504,121.20954625,0.839131370602,29.8673363565
1512005223,31.2842401,121.20958575,523,31.284504,121.20958575,0.824965032711,29.2597448508
1512005225,31.28423991,121.20958444,523,31.284504,121.20958444,0.825434853031,29.2808109803
1512005227,31.28423992,121.20958445,523,31.284504,121.20958445,0.825431266619,29.2797022356
1512005229,31.28423992,121.20958445,523,31.284504,121.20958445,0.825431266619,29.2797022356
1512005231,31.28423992,121.20958445,523,31.284504,121.20958445,0.825431266619,29.2797022356
1512005233,31.28423986,121.20958447,523,31.284504,121.20958447,0.825424093789,29.2863546978
1512005235,31.28423986,121.20958447,523,31.284504,121.20958447,0.825424093789,29.2863546978
1512005237,31.28423986,121.20958447,523,31.284504,121.20958447,0.825424093789,29.2863546978
1512005239,31.28423986,121.20958447,523,31.284504,121.20958447,0.825424093789,29.2863546978
1512005241,31.28423986,121.20958447,523,31.284504,121.20958447,0.825424093789,29.2863546978
1512005243,31.28423986,121.20958447,523,31.284504,121.20958447,0.825424093789,29.2863546978
1512005246,31.28423986,121.20958447,523,31.284504,121.20958447,0.825424093789,29.2863546978
1512005248,31.28422056,121.20959124,523,31.284504,121.20959124,0.822996091067,31.4262298899
1512005250,31.28422056,121.20959124,523,31.284504,121.20959124,0.822996091067,31.4262298899
1512005252,31.28422056,121.20959124,523,31.284504,121.20959124,0.822996091067,31.4262298899
1512005254,31.28421764,121.20958989,523,31.284504,121.20958989,0.823480257043,31.7499830276
Time_cost 6.84200000763
