1523513073,31.28843713,121.20884282,212,31.288454608,121.208853091,0.911141000355,2.17064817345
1523513076,31.28843713,121.20884282,212,31.288454608,121.208853091,0.911141000355,2.17064817345
1523513079,31.28843713,121.20884282,212,31.288454608,121.208853091,0.911141000355,2.17064817345
1523513082,31.28833359,121.20909277,212,31.2883188502,121.209084108,0.74398294545,1.83058580472
1523513085,31.28833359,121.20909277,212,31.2883188502,121.209084108,0.74398294545,1.83058580472
1523513088,31.28846681,121.20887123,212,31.2884498169,121.208861244,0.905241685793,2.11042378973
1523513091,31.28846681,121.20887123,212,31.2884498169,121.208861244,0.905241685793,2.11042378973
1523513095,31.28859238,121.20869173,296,31.2885599108,121.208672976,0.235999809411,4.01855117307
1523513098,31.28859238,121.20869173,296,31.2885599108,121.208672976,0.235999809411,4.01855117307
1523513101,31.28873892,121.20847546,266,31.2886934558,121.208446276,0.318935845279,5.75596373579
1523513104,31.28873892,121.20847546,266,31.2886934558,121.208446276,0.318935845279,5.75596373579
1523513107,31.28885284,121.20834434,425,31.2888037239,121.208403369,0.0582709212408,7.82589323591
1523513110,31.28885284,121.20834434,425,31.2888037239,121.208403369,0.0582709212408,7.82589323591
1523513113,31.28905024,121.20848596,425,31.2889899969,121.208558361,0.259560076643,9.59880210311
1523513116,31.28922903,121.20870695,425,31.289204297,121.208736675,0.491135757386,3.9408100687
1523513119,31.28922903,121.20870695,425,31.289204297,121.208736675,0.491135757386,3.9408100687
1523513122,31.28932975,121.20875337,425,31.2892866353,121.208805186,0.580111668455,6.86964039868
1523513125,31.28932975,121.20875337,425,31.2892866353,121.208805186,0.580111668455,6.86964039868
1523513128,31.28949847,121.20889223,425,31.2894546044,121.208944948,0.761621370937,6.9892815332
1523513131,31.28949847,121.20889223,425,31.2894546044,121.208944948,0.761621370937,6.9892815332
1523513134,31.28970781,121.20897473,162,31.2897507276,121.209000294,0.122895291244,5.34484148012
1523513137,31.28970781,121.20897473,162,31.2897507276,121.209000294,0.122895291244,5.34484148012
1523513141,31.28986128,121.20889756,162,31.2898248362,121.208875859,0.242508095271,4.53834427903
1523513144,31.28986128,121.20889756,162,31.2898248362,121.208875859,0.242508095271,4.53834427903
1523513147,31.29000017,121.20866791,162,31.2899621469,121.208645268,0.464154308399,4.73502123551
1523513150,31.29000017,121.20866791,162,31.2899621469,121.208645268,0.464154308399,4.73502123551
1523513153,31.290128,121.2084324,162,31.2900991384,121.208415214,0.685285395317,3.59413739375
1523513156,31.290128,121.2084324,162,31.2900991384,121.208415214,0.685285395317,3.59413739375
1523513159,31.29032068,121.20815552,465,31.2903377797,121.208134805,0.0720867942045,2.73579648863
1523513162,31.29032068,121.20815552,465,31.2903377797,121.208134805,0.0720867942045,2.73579648863
1523513165,31.2904724,121.20826473,465,31.2904816289,121.20825355,0.217157710932,1.47653901725
1523513168,31.2904724,121.20826473,465,31.2904816289,121.20825355,0.217157710932,1.47653901725
1523513171,31.29063499,121.20839362,465,31.2906416046,121.208385607,0.37849212898,1.0582797451
1523513174,31.29063499,121.20839362,465,31.2906416046,121.208385607,0.37849212898,1.0582797451
1523513177,31.29102585,121.20840774,465,31.2909381063,121.208598424,0.663489081987,20.5978351612
1523513180,31.29102585,121.20840774,465,31.2909381063,121.208598424,0.663489081987,20.5978351612
1523513184,31.29118857,121.20850602,465,31.2911795396,121.20866358,0.859729860919,15.0351111587
1523513187,31.29118857,121.20850602,465,31.2911795396,121.20866358,0.859729860919,15.0351111587
1523513190,31.29132117,121.20860256,303,31.2913607711,121.208603216,0.0975892593195,4.39119272927
1523513193,31.29132117,121.20860256,303,31.2913607711,121.208603216,0.0975892593195,4.39119272927
1523513196,31.29143373,121.20850501,303,31.2913624177,121.208503829,0.234808066165,7.90751515635
1523513199,31.29143373,121.20850501,303,31.2913624177,121.208503829,0.234808066165,7.90751515635
1523513202,31.29143498,121.20828716,303,31.2913660263,121.208286018,0.535527274872,7.64597674796
1523513205,31.29143498,121.20828716,303,31.2913660263,121.208286018,0.535527274872,7.64597674796
1523513208,31.29142945,121.20793554,301,31.2913718505,121.207934579,0.0189799329171,6.38696612316
1523513211,31.29142945,121.20793554,301,31.2913718505,121.207934579,0.0189799329171,6.38696612316
1523513214,31.291504,121.20771125,301,31.2913756112,121.207709109,0.303881014838,14.2364991579
1523513217,31.291504,121.20771125,301,31.2913756112,121.207709109,0.303881014838,14.2364991579
1523513220,31.29143661,121.20746431,301,31.2913797101,121.207463361,0.614403651968,6.30939114909
1523513224,31.29143661,121.20746431,301,31.2913797101,121.207463361,0.614403651968,6.30939114909
1523513227,31.29136684,121.20728892,301,31.2913826153,121.207289183,0.834491886679,1.74925689315
1523513230,31.29136684,121.20728892,301,31.2913826153,121.207289183,0.834491886679,1.74925689315
1523513233,31.2913935,121.20704529,299,31.2913916082,121.207045176,0.0724280387083,0.210027463181
1523513236,31.2913935,121.20704529,299,31.2913916082,121.207045176,0.0724280387083,0.210027463181
1523513239,31.29144764,121.20670316,299,31.2914123384,121.206701034,0.292961529703,3.91928162123
1523513242,31.29144764,121.20670316,299,31.2914123384,121.206701034,0.292961529703,3.91928162123
1523513245,31.29150563,121.20641701,299,31.2914297226,121.206412438,0.477899675583,8.42744980456
1523513248,31.29150563,121.20641701,299,31.2914297226,121.206412438,0.477899675583,8.42744980456
1523513251,31.29154928,121.20609099,299,31.2914494479,121.206084976,0.687743414085,11.083633978
1523513254,31.29154928,121.20609099,299,31.2914494479,121.206084976,0.687743414085,11.083633978
1523513257,31.29154928,121.20609099,299,31.2914494479,121.206084976,0.687743414085,11.083633978
1523513260,31.29157326,121.20569536,299,31.29147328,121.205689337,0.94127683706,11.1000496351
1523513263,31.29157326,121.20569536,299,31.29147328,121.205689337,0.94127683706,11.1000496351
1523513266,31.2915892,121.20535115,182,31.29147874,121.205597674,0.0001,26.4752369011
1523513270,31.29150388,121.20523584,182,31.2913696387,121.205551238,0.182085848896,33.5160437705
1523513273,31.29141766,121.20520217,182,31.2912845096,121.205515005,0.324084932043,33.2437030029
1523513276,31.29135528,121.20513753,182,31.291190307,121.205472475,0.482777686643,36.764247485
1523513279,31.29123993,121.20512656,182,31.2910931287,121.205424611,0.649037673673,32.7147196216
1523513282,31.29109803,121.20517896,182,31.2909918532,121.205371084,0.824898039076,21.7533573249
1523513285,31.29097659,121.20527569,182,31.2909397762,121.205342303,0.916219937876,7.54233172326
1523513288,31.29097659,121.20527569,182,31.2909397762,121.205342303,0.916219937876,7.54233172326
1523513291,31.29084563,121.20548485,167,31.2908135383,121.205468331,0.13530206637,3.89025334882
1523513294,31.29076875,121.20564769,167,31.2907311724,121.205628348,0.277336705211,4.55527047757
1523513297,31.29068181,121.20578036,167,31.2906589762,121.205768607,0.401834424029,2.76798390622
1523513300,31.29063292,121.20588222,167,31.290607287,121.205869026,0.490969120828,3.1073133976
1523513303,31.29060226,121.20593403,167,31.2905797825,121.20592246,0.538398788362,2.72478938489
1523513306,31.29059372,121.20599433,167,31.2905534565,121.205973605,0.58379635968,4.8808716695
1523513309,31.29057565,121.20608033,167,31.2905146765,121.206048945,0.650669993615,7.39140707653
1523513313,31.29055982,121.20613087,167,31.290490795,121.20609534,0.691851995804,8.36742913352
1523513316,31.29053648,121.20616317,167,31.2904727628,121.206130373,0.722947409212,7.72400446695
1523513319,31.29045303,121.20614928,167,31.2904609358,121.206153349,0.743342267537,0.958368914792
1523513322,31.29035793,121.20612034,167,31.2904527928,121.206169169,0.757384325167,11.4995795103
1523513325,31.29035793,121.20612034,167,31.2904527928,121.206169169,0.757384325167,11.4995795103
1523513328,31.29020875,121.20608717,194,31.2900761837,121.206281873,0.233673046183,23.6582212282
1523513331,31.29020875,121.20608717,194,31.2900761837,121.206281873,0.233673046183,23.6582212282
1523513334,31.28992847,121.20596996,194,31.2898301533,121.20611436,0.477364010719,17.5459537057
1523513337,31.28992847,121.20596996,194,31.2898301533,121.20611436,0.477364010719,17.5459537057
1523513340,31.28992847,121.20596996,194,31.2898301533,121.20611436,0.477364010719,17.5459537057
1523513343,31.28967948,121.20574523,194,31.2895554831,121.205927347,0.749422420103,22.128966661
1523513346,31.28954002,121.20577358,194,31.2894733845,121.205871449,0.830740383645,11.892038497
1523513349,31.28938778,121.20588085,271,31.2893015922,121.205880225,0.0799725219998,9.55620894253
1523513352,31.28936053,121.20593797,271,31.2893011764,121.205937539,0.116604775035,6.58092634186
1523513355,31.28933535,121.20601462,271,31.289300619,121.206014368,0.165709227023,3.85085565404
1523513359,31.28928884,121.20619226,271,31.2892993278,121.206192336,0.279456190341,1.16285468438
1523513362,31.28926942,121.20632755,271,31.2892983453,121.20632776,0.366011281145,3.20714108468
1523513365,31.28926942,121.20632755,271,31.2892983453,121.20632776,0.366011281145,3.20714108468
1523513368,31.28930504,121.20647158,271,31.2892973023,121.206471524,0.457896976043,0.857929103951
1523513371,31.28930504,121.20647158,271,31.2892973023,121.206471524,0.457896976043,0.857929103951
1523513374,31.28936818,121.20664861,271,31.2892960213,121.206648086,0.570745661146,8.00070761131
1523513377,31.28936818,121.20664861,271,31.2892960213,121.206648086,0.570745661146,8.00070761131
1523513380,31.28937422,121.2068422,271,31.2892946172,121.206841622,0.694442749375,8.82608568748
1523513383,31.28923324,121.20707348,271,31.2892929319,121.207073913,0.842909550381,6.6184394361
1523513386,31.28924525,121.20720547,271,31.2892922,121.20720547,0.926992667635,5.20555539728
1523513389,31.28926071,121.20728823,468,31.2892591697,121.20728994,0.554199212164,0.235920465845
1523513392,31.28925875,121.20736877,262,31.2892170969,121.207362047,0.0820128061793,4.66241681721
1523513395,31.28917378,121.207468,262,31.2891993292,121.207472124,0.176006064155,2.85983465428
1523513399,31.2891124,121.2075716,262,31.289150457,121.207588198,0.282335094169,4.505794605
1523513402,31.28905157,121.20769576,262,31.2890824848,121.207715373,0.404253541835,3.90335792418
1523513405,31.28901625,121.20779462,262,31.2890276286,121.207801839,0.490573100346,1.43668571947
1523513408,31.28895677,121.20790835,262,31.2889591303,121.207909847,0.598387114126,0.297982817582
1523513411,31.28895677,121.20790835,262,31.2889591303,121.207909847,0.598387114126,0.297982817582
1523513414,31.28886618,121.20802952,262,31.288878352,121.208037238,0.725544195909,1.53667378729
1523513417,31.28886618,121.20802952,262,31.288878352,121.208037238,0.725544195909,1.53667378729
1523513420,31.288828,121.20821056,262,31.2887855269,121.208183628,0.871664612753,5.3621024475
Time_cost 1.28200006485
