1523513431,31.28873689,121.2082435,262,31.2887445018,121.208248327,0.936244157306,0.960968053606
1523513434,31.28872048,121.20827007,262,31.2887277795,121.208274699,0.96256757875,0.921537472821
1523513437,31.28875316,121.20834917,427,31.288746797,121.208355464,0.934433066984,0.925679892359
1523513440,31.28879734,121.20836994,425,31.2887835159,121.208386554,0.0364338545153,2.20265986518
1523513443,31.28888268,121.20838479,425,31.2888412442,121.208434588,0.0988159075016,6.60214957001
1523513447,31.28894551,121.20838827,425,31.2888800813,121.208466903,0.140783715521,10.4250599444
1523513450,31.2890355,121.20843342,425,31.2889554548,121.20852962,0.222233438636,12.7539953259
1523513453,31.28912388,121.20848981,425,31.2890354034,121.208596143,0.308626981694,14.0974082156
1523513456,31.28920315,121.20856973,425,31.2891215379,121.208667813,0.40170508894,13.0036511793
1523513459,31.28929707,121.2086571,425,31.2892199919,121.208749734,0.508095880812,12.2811765877
1523513462,31.28929707,121.2086571,425,31.2892199919,121.208749734,0.508095880812,12.2811765877
1523513465,31.28945103,121.2087499,425,31.2893565931,121.208863396,0.655709022913,15.0470624544
1523513468,31.28967734,121.20896131,425,31.2895942625,121.209061154,0.912537782951,13.2371107588
1523513471,31.28970858,121.2090076,425,31.2896354814,121.209095451,0.957079525739,11.6470856682
1523513474,31.28974881,121.20907675,423,31.2896942672,121.209143971,0.0130474783155,8.80543899999
1523513477,31.28978972,121.2091555,423,31.2897574665,121.209195251,0.0562940944662,5.20702774804
1523513480,31.28983294,121.20918156,423,31.2897962789,121.209226743,0.0828529797415,5.918597586
1523513483,31.28990751,121.20920967,423,31.2898549985,121.209274388,0.123034155036,8.4774984001
1523513486,31.29002813,121.20931799,423,31.2899807312,121.209376406,0.209071678856,7.65209460243
1523513489,31.29012798,121.20940328,423,31.2900826715,121.20945912,0.278828313258,7.31463268676
1523513493,31.29021418,121.2094642,423,31.2901644571,121.209525481,0.334793341677,8.02728514529
1523513496,31.29026555,121.20949779,423,31.2902118682,121.20956395,0.367236244276,8.66640921663
1523513499,31.29037743,121.20956916,423,31.290314252,121.209647023,0.437296319527,10.1994852828
1523513502,31.29050096,121.20965003,423,31.2904416721,121.209736903,0.520196750246,10.5654212357
1523513505,31.29055838,121.20973342,423,31.2905316216,121.209788885,0.575555168394,6.05729285449
1523513508,31.29066297,121.2098048,423,31.2906474343,121.209842992,0.643501328294,4.02369939042
1523513511,31.29075707,121.20986588,423,31.2907564276,121.209874671,0.704475972124,0.840066944309
1523513514,31.29088987,121.20981041,423,31.2908844908,121.209884029,0.77270680194,7.0347420379
1523513517,31.29098621,121.20982658,423,31.2909814945,121.209891116,0.824389381802,6.16687590293
1523513520,31.29106659,121.20983045,423,31.2910617289,121.209896979,0.867137492601,6.35727209751
1523513523,31.29115757,121.20981819,423,31.2911513347,121.209903526,0.914878584842,8.1544227352
1523513526,31.29123951,121.20981781,423,31.2912328119,121.20990948,0.958288861414,8.75960835978
1523513529,31.29132321,121.20978823,471,31.2913160719,121.209787951,0.102512608492,0.791882791432
1523513532,31.29139542,121.20968617,471,31.2913201635,121.20968323,0.18687699683,8.34871732057
1523513535,31.29141256,121.20952797,471,31.2913263614,121.209524602,0.314668449061,9.56260136249
1523513539,31.29137877,121.20940323,471,31.2913311763,121.20940137,0.41394471722,5.2798943873
1523513542,31.29134536,121.2092931,471,31.2913354218,121.209292712,0.501480950424,1.10250997917
1523513545,31.29134536,121.2092931,471,31.2913354218,121.209292712,0.501480950424,1.10250997917
1523513548,31.29131969,121.20912882,471,31.2913417917,121.209129684,0.632817566716,2.45188825345
1523513551,31.29131969,121.20912882,471,31.2913417917,121.209129684,0.632817566716,2.45188825345
1523513554,31.29131044,121.20883017,471,31.2913534286,121.20883185,0.872754653951,4.76902112047
1523513557,31.29131044,121.20883017,471,31.2913534286,121.20883185,0.872754653951,4.76902112047
1523513560,31.29124013,121.20860641,464,31.2912366657,121.208666854,0.0957679290377,5.76782441795
1523513563,31.29124013,121.20860641,464,31.2912366657,121.208666854,0.0957679290377,5.76782441795
1523513566,31.29107536,121.20852461,464,31.2910461407,121.208640398,0.246030771403,11.4906493556
1523513569,31.29107536,121.20852461,464,31.2910461407,121.208640398,0.246030771403,11.4906493556
1523513572,31.29090439,121.20845702,464,31.2908481513,121.208548458,0.416675753053,10.7086720042
1523513575,31.29090439,121.20845702,464,31.2908481513,121.208548458,0.416675753053,10.7086720042
1523513578,31.29068951,121.20826182,464,31.2906093233,121.208358959,0.654063353347,12.8291475033
1523513582,31.29052835,121.20814153,464,31.2904544202,121.20823109,0.810282106698,11.8280809609
1523513585,31.29044041,121.20807312,464,31.2903685337,121.208160192,0.896898021076,11.4995414765
1523513588,31.29033442,121.20803966,464,31.2902890707,121.208094597,0.977035897073,7.25546964568
1523513591,31.29021072,121.20797406,466,31.2901823359,121.208010629,0.086195296559,4.69336453979
1523513594,31.29021072,121.20797406,466,31.2901823359,121.208010629,0.086195296559,4.69336453979
1523513597,31.29007973,121.20785656,466,31.2900436787,121.207903008,0.228536987928,5.96115252345
1523513600,31.29007973,121.20785656,466,31.2900436787,121.207903008,0.228536987928,5.96115252345
1523513603,31.28994871,121.20762151,466,31.2898480653,121.207751178,0.42934832361,16.641849438
1523513606,31.28994871,121.20762151,466,31.2898480653,121.207751178,0.42934832361,16.641849438
1523513609,31.28990184,121.20730335,466,31.2896647036,121.207608848,0.61758737729,39.2095244332
1523513612,31.28977694,121.20719577,466,31.2895346551,121.207507901,0.751095266069,40.0608278151
1523513615,31.28967878,121.20720809,466,31.2894793696,121.207464986,0.80785149984,32.971727976
1523513618,31.289523,121.20727944,466,31.2894167211,121.207416357,0.872166450561,17.5728011843
1523513621,31.28942618,121.2073364,466,31.2893838943,121.207390876,0.905866499535,6.99175380972
1523513624,31.28942618,121.2073364,466,31.2893838943,121.207390876,0.905866499535,6.99175380972
1523513628,31.28931211,121.20744081,466,31.289363287,121.20737488,0.927022039952,8.46189245215
1523513631,31.2890518,121.20770675,468,0,0,0,0
1523513631,31.2890518,121.20770675,262,31.2890775794,121.207723105,0.411972452633,3.25495548084
1523513634,31.2890518,121.20770675,262,31.2890775794,121.207723105,0.411972452633,3.25495548084
1523513637,31.2889923,121.20781697,262,31.2890106452,121.207828609,0.517297604122,2.31629731166
1523513640,31.2889923,121.20781697,262,31.2890106452,121.207828609,0.517297604122,2.31629731166
1523513643,31.28888727,121.20804887,262,31.2888756489,121.208041501,0.729799264747,1.46713195102
1523513646,31.28888727,121.20804887,262,31.2888756489,121.208041501,0.729799264747,1.46713195102
1523513649,31.28884683,121.2081864,262,31.2888018533,121.20815788,0.84596446566,5.67817603277
1523513652,31.2887734,121.20827823,262,31.2887392651,121.208256585,0.944487554435,4.30943199494
1523513655,31.28878853,121.20828158,262,31.2887420889,121.208252132,0.940042455446,5.86305108224
1523513658,31.28878853,121.20828158,262,31.2887420889,121.208252132,0.940042455446,5.86305108224
1523513661,31.28877615,121.20832871,427,31.2887479378,121.208356618,0.959341291491,4.10428689825
1523513664,31.28877615,121.20832871,427,31.2887479378,121.208356618,0.959341291491,4.10428689825
1523513667,31.28877615,121.20832871,427,31.2887479378,121.208356618,0.959341291491,4.10428689825
1523513670,31.28870074,121.20851613,267,0,0,0,0
1523513670,31.28870074,121.20851613,267,0,0,0,0
1523513670,31.28870074,121.20851613,297,31.2886630724,121.208494373,0.0287073692973,4.66193188011
1523513674,31.28870074,121.20851613,297,31.2886630724,121.208494373,0.0287073692973,4.66193188011
1523513677,31.28870074,121.20851613,297,31.2886630724,121.208494373,0.0287073692973,4.66193188011
1523513680,31.28846248,121.20895469,213,31.2884122495,121.208925172,0.141014971502,6.23826934212
1523513683,31.28846248,121.20895469,213,31.2884122495,121.208925172,0.141014971502,6.23826934212
1523513686,31.28815307,121.20933084,213,31.2881685209,121.20933992,0.441116136776,1.91890227867
1523513689,31.28815307,121.20933084,213,31.2881685209,121.20933992,0.441116136776,1.91890227867
1523513692,31.28812601,121.20944824,213,31.2881102935,121.209439004,0.512811073481,1.95188413824
1523513695,31.28791076,121.20976966,213,31.2879146325,121.209771936,0.753715995081,0.480950507872
1523513698,31.2878581,121.20987188,213,31.2878564612,121.209870917,0.825337642081,0.203526472782
Time_cost 1.36400008202
