1523931365,31.28931737,121.21354182,400,31.289277672,121.213546761,0.732397042633,4.42655956136
1523931368,31.28923146,121.21365976,396,31.289259868,121.213708285,0.244299085632,5.591711532
1523931371,31.28920475,121.21367708,396,31.289244637,121.213721767,0.365722521972,6.13688629049
1523931374,31.28913144,121.21374392,250,31.2891415146,121.213825828,0.232358567305,7.87843801297
1523931377,31.28902914,121.21383731,250,31.2890291814,121.213836123,0.626786202501,0.113146002455
1523931380,31.28894631,121.2138506,250,31.288946914,121.213833257,0.914051427863,1.65263419777
1523931383,31.28886161,121.21385058,252,31.2888623021,121.213830348,0.0329418709364,1.92794551129
1523931386,31.28873561,121.21385996,252,31.2887411262,121.213825476,0.0995119681894,3.33982510952
1523931389,31.28869403,121.21386983,252,31.2887021231,121.213819237,0.121186206999,4.90004126074
1523931392,31.28864356,121.2138586,252,31.2886511608,121.213811085,0.14950627563,4.60195547769
1523931395,31.28855077,121.21386309,252,31.2885613863,121.213796724,0.199394489625,6.42771868355
1523931399,31.28844684,121.21385772,252,31.2884786345,121.213776142,0.246442277007,8.52998727638
1523931402,31.28834153,121.21381116,252,31.288371458,121.213734371,0.309561936947,8.02925846953
1523931405,31.28817812,121.21364557,252,31.2881773276,121.213647078,0.426543493668,0.168319024967
1523931408,31.28812337,121.21360699,252,31.2881185387,121.213616183,0.462985898911,1.02624535572
1523931411,31.28800615,121.21352449,252,31.2879977287,121.213534803,0.54331799159,1.35498391844
1523931414,31.28791794,121.21345005,252,31.2879083391,121.213461807,0.606645361543,1.54478854293
1523931417,31.28785072,121.21340086,252,31.2878439124,121.213409197,0.6522879118,1.09534161067
1523931420,31.28772346,121.21328002,252,31.2877083633,121.213298507,0.748316605417,2.42906469393
1523931423,31.28763354,121.21320423,252,31.2876172863,121.213224134,0.812839312815,2.61521395374
1523931426,31.2875588,121.21315802,252,31.2875498081,121.213169031,0.860643757577,1.44680354856
1523931429,31.28750957,121.2131215,252,31.2875023815,121.213130303,0.89424273355,1.15663283879
1523931432,31.28741605,121.21305871,252,31.2874155136,121.213059367,0.955783575617,0.0863039858441
1523931435,31.28730665,121.21303042,437,31.287330437,121.213045106,0.146591044999,2.98516431113
1523931438,31.28721528,121.2130999,437,31.2872741614,121.213136254,0.510599284158,7.38934521202
1523931441,31.28714516,121.21321486,437,31.2872034204,121.213250831,0.968173556671,7.311415822
1523931445,31.28708424,121.2133241,435,31.2871377893,121.213357164,0.127040257949,6.72026622936
1523931448,31.28703822,121.21341325,435,31.2870852354,121.213442279,0.236981890303,5.9002792819
1523931451,31.2869699,121.21353489,435,31.2870120027,121.213560886,0.390182984584,5.2837551241
1523931454,31.28690919,121.21364403,435,31.2869464582,121.213667041,0.527300534382,4.67704479247
1523931457,31.28688086,121.2137134,435,31.286907629,121.213729928,0.608530415594,3.3594236406
1523931460,31.28680865,121.21378179,435,31.2868571265,121.213811721,0.7141804026,6.08365453753
1523931463,31.28666395,121.21386486,147,31.2866042257,121.213937823,0.128097759433,9.5976611756
1523931466,31.28656826,121.21383856,147,31.2865340365,121.21388037,0.205424187502,5.49970183579
1523931469,31.28651416,121.21378987,147,31.2864777767,121.213834318,0.267404714683,5.84677004986
1523931472,31.28642529,121.21371047,147,31.2863856447,121.213758903,0.368905236182,6.37097858109
1523931475,31.28632415,121.2136372,147,31.2862891701,121.213679934,0.475189944242,5.62125873368
1523931478,31.28623447,121.21357842,147,31.2862066598,121.213612395,0.566090350086,4.46909248699
1523931481,31.2861219,121.21351505,147,31.2861081934,121.213531795,0.674569375431,2.20265130331
1523931484,31.28604248,121.21346938,147,31.2860382525,121.213474545,0.751622273207,0.679364651338
1523931487,31.28591974,121.21339727,147,31.2859294125,121.213385453,0.871529707993,1.55436778168
1523931491,31.28573444,121.21329921,145,31.2857669747,121.213255719,0.703921357994,5.49191917116
1523931494,31.28568459,121.21324586,150,31.285711816,121.21321224,0.0605068365441,4.39999330162
1523931497,31.28554849,121.21311918,150,31.2855676641,121.213095503,0.303572260446,3.09873907781
1523931500,31.28545564,121.21304157,150,31.2854736315,121.213019353,0.462127848752,2.90761825794
1523931503,31.2853656,121.21295926,150,31.2853789973,121.212942716,0.621697867938,2.16514412071
1523931506,31.28524763,121.21286967,150,31.2852611713,121.212851599,0.816908810075,2.28358907329
1523931509,31.2851362,121.21281978,150,31.2851485102,121.212794694,0.982469381468,2.751138855
1523931512,31.28499166,121.2127856,152,31.2849905372,121.212764706,0.233286692665,1.99334568923
1523931515,31.2848621,121.21277277,152,31.2848620378,121.212771612,0.435955715253,0.110480129542
1523931518,31.28473755,121.2127656,152,31.2847382306,121.212778265,0.631224082482,1.20834063856
1523931521,31.28461983,121.21276086,152,31.2846198981,121.212779476,0.817625349696,1.77263116153
1523931524,31.28452534,121.21274334,152,31.2845254735,121.212779822,0.966338087112,3.47378836068
1523931528,31.28447143,121.21268257,525,31.2845041,121.21268257,0.108882425345,3.62226556108
1523931531,31.28444526,121.2125707,525,31.2845041,121.2125707,0.234030652212,6.52384772547
1523931534,31.28450442,121.21238197,525,31.2845041,121.21238197,0.445161651209,0.0354797973741
1523931537,31.2845023,121.21224437,525,31.2845041,121.21224437,0.599093858392,0.199573860351
1523931540,31.28450866,121.2121348,525,31.2845041,121.2121348,0.721669090511,0.505587113607
1523931543,31.28450508,121.21202372,525,31.2845041,121.21202372,0.845933549618,0.108656879085
1523931546,31.28449049,121.21191784,525,31.2845041,121.21191784,0.964380803232,1.50900013345
1523931549,31.28446258,121.21179222,523,31.2845040924,121.211792217,0.0336346008042,4.60266277882
1523931552,31.2844642,121.21164472,523,31.2845040805,121.211644717,0.0865341698247,4.42172370499
1523931555,31.28446656,121.21151185,523,31.2845040697,121.211511847,0.134186792754,4.15886878429
1523931558,31.28447457,121.21137388,523,31.2845040586,121.211373878,0.183668323274,3.26952796315
1523931561,31.28448079,121.21123683,523,31.2845040475,121.211236828,0.232819955563,2.57866050769
1523931564,31.284484,121.21110163,523,31.2845040366,121.211101628,0.281308188451,2.22154148217
1523931567,31.28447004,121.21096133,523,31.2845040252,121.210961327,0.331625990814,3.76808959184
1523931571,31.28444847,121.21082267,523,31.284504014,121.210822666,0.381355841902,6.15840632703
1523931574,31.28441919,121.21065826,523,31.2845040007,121.210658253,0.440320934322,9.40333351306
1523931577,31.28441786,121.21053377,523,31.284504,121.21053377,0.484965750489,9.55071790935
1523931580,31.2844269,121.21037413,523,31.284504,121.21037413,0.542219274056,8.54841364424
1523931583,31.28444256,121.21032236,523,31.284504,121.21032236,0.56078614273,6.81212107603
1523931586,31.28440263,121.21021338,523,31.284504,121.21021338,0.599870889654,11.2393344937
1523931589,31.28441909,121.21011765,523,31.284504,121.21011765,0.634203637156,9.41434244016
1523931592,31.28442123,121.21004094,523,31.284504,121.21004094,0.661715023983,9.17707129721
Time_cost 1.35699987411
