1509178610,31.28396545,121.20952146,328,31.284151,121.2090575,0.438246709644,48.733528263
1509178613,31.28396637,121.20939111,328,31.2841207206,121.209044034,0.478854472253,37.2166613659
1509178616,31.28395547,121.20937499,328,31.2841056353,121.209037326,0.499085506619,36.2075013536
1509178619,31.28398246,121.20932755,328,31.2841105549,121.209039513,0.492487769948,30.8859417001
1509178622,31.28400945,121.20930474,328,31.2841246193,121.209045768,0.473625916769,27.7693526599
1509178625,31.28401411,121.20929799,328,31.2841260037,121.209046384,0.471769337893,26.9795390703
1509178628,31.284016,121.20930646,328,31.2841307264,121.209048484,0.465435671357,27.6625583835
1509178631,31.28402128,121.20929803,328,31.2841320047,121.209049052,0.463721430099,26.6976609605
1509178634,31.28402186,121.20928247,328,31.2841267117,121.209046699,0.470819879377,25.2815804746
1509178637,31.28402175,121.20928479,328,31.2841274812,121.209047041,0.469787835335,25.4936549155
1509178640,31.28402215,121.20928358,328,31.2841273659,121.20904699,0.469942470002,25.3694060362
1509178644,31.2840283,121.20925832,328,31.2841231217,121.209045102,0.475634351775,22.8631872965
1509178646,31.28403691,121.20924773,328,31.2841263782,121.20904655,0.471267167236,21.5723417141
1509178649,31.28398472,121.20910676,328,31.2840304654,121.209003896,0.599896196074,11.0300143592
1509178653,31.28391669,121.20903078,328,31.2839602306,121.208966233,0.697920694488,7.81536919903
1509178656,31.28388383,121.20900626,328,31.2839262792,121.208943331,0.748104970084,7.61947525932
1509178659,31.28390984,121.20900957,328,31.2839456897,121.208956424,0.719413874674,6.43488778471
1509178662,31.28392195,121.20899875,328,31.2839489964,121.208958655,0.714526200265,4.85472344582
1509178665,31.28392924,121.20896408,328,31.2839379334,121.208951192,0.7308785792,1.56043857459
1509178668,31.28387477,121.2088981,328,31.2838699091,121.208905306,0.831426921978,0.872519626302
1509178671,31.28386022,121.2088824,328,31.2838516781,121.208892816,0.858515568871,1.37135949233
1509178674,31.28384696,121.20887835,328,31.2838417642,121.208884686,0.874226656949,0.834154702187
1509178677,31.28384071,121.20887013,328,31.2838339969,121.208878316,0.886535945913,1.07774534959
1509178680,31.28383937,121.20887031,328,31.283833284,121.208877731,0.887665747957,0.977070697563
1509178683,31.2838329,121.20888149,328,31.2838348975,121.208879054,0.885108795619,0.320681844051
1509178687,31.28383173,121.20888539,328,31.2838361102,121.208880049,0.883186908523,0.703215136162
1509178690,31.28383294,121.20888762,328,31.2838379271,121.208881539,0.880307602321,0.800644598415
1509178692,31.28383389,121.20888863,328,31.2838389903,121.208882411,0.878622646318,0.818821986452
1509178696,31.28383171,121.20888916,328,31.2838379468,121.208881555,0.880276394977,1.00127536939
1509178699,31.28383129,121.20888915,328,31.2838376907,121.208881345,0.880682121812,1.02760179041
1509178702,31.28383233,121.2088886,328,31.2838380429,121.208881634,0.880124081393,0.917168107668
1509178705,31.28380098,121.20888011,328,31.2838151361,121.208862848,0.916425803863,2.2726844542
1509178708,31.28369977,121.2089106,306,31.2836983946,121.208909622,0.0874510290721,0.178678918969
1509178711,31.28354126,121.2090577,306,31.2835757011,121.209082188,0.255087945817,4.47424031422
1509178714,31.28350346,121.2091486,306,31.2835200803,121.209160417,0.331083113175,2.15913600858
1509178717,31.28339267,121.20934932,306,31.2833880874,121.209346062,0.511425870027,0.59532413853
1509178720,31.28333104,121.20945884,306,31.2833156715,121.209447913,0.610368220923,1.99652002967
1509178723,31.28328674,121.20961475,306,31.2832271664,121.209572393,0.731293343956,7.73920013755
1509178726,31.2832358,121.20973343,306,31.283154014,121.20967528,0.831241932409,10.6248089335
1509178729,31.28309197,121.20984079,306,31.2830550174,121.209814517,0.966501685525,4.80050882061
1509178732,31.28289682,121.21003786,308,31.2828964434,121.210037592,0.0505510848988,0.0489151172101
1509178735,31.28279815,121.21016302,308,31.2828042194,121.210167334,0.085327658931,0.788419445608
1509178738,31.28267717,121.21036081,308,31.2826702088,121.210355862,0.135861381118,0.904265735112
1509178742,31.28262593,121.21040487,308,31.2826322029,121.210409329,0.150192942594,0.81486566352
1509178745,31.28254689,121.2105635,308,31.282530691,121.210551858,0.188422254476,2.11060454624
1509178748,31.28234048,121.21079039,308,31.2823648301,121.21080438,0.254510482987,3.01058070752
1509178751,31.28225747,121.21095485,308,31.2822793974,121.210966023,0.294464647339,2.65377221691
1509178754,31.28220737,121.21105272,308,31.2822294813,121.211063987,0.31848529797,2.6760279987
1509178757,31.28213735,121.21123166,308,31.2821513906,121.211237924,0.360142465335,1.66708114536
1509178760,31.28207582,121.21139853,308,31.2820892718,121.211402709,0.398684197766,1.54362711855
1509178763,31.28200928,121.21165782,308,31.2820144465,121.211659055,0.457050859797,0.58478087484
1509178766,31.28198886,121.21178196,308,31.281985271,121.211781102,0.484466156037,0.406222875804
1509178769,31.28190292,121.2119158,308,31.2819503604,121.211927141,0.51727066544,5.36962356478
1509178772,31.28192467,121.21208171,308,31.281925648,121.212081831,0.551541085462,0.109045735661
1509178775,31.28184656,121.21224379,308,31.2819047256,121.212250984,0.588778230106,6.48535714648
1509178778,31.28182495,121.2125783,308,31.2818884,121.2125783,0.660404568157,7.03497568238
1509178781,31.28183051,121.21268568,308,31.2818884,121.21268568,0.683864237228,6.41851446014
1509178785,31.28177084,121.21284012,308,31.2818884062,121.212839911,0.717559691127,13.0350909838
1509178787,31.28180054,121.21304969,308,31.2818887782,121.213049533,0.763356593163,9.78335722286
1509178791,31.28181473,121.21326101,308,31.2818891531,121.213260878,0.80952981079,8.25162499475
1509178794,31.2818304,121.21335515,308,31.2818893202,121.213355045,0.830102934442,6.53274723941
1509178797,31.28182243,121.21353494,308,31.2818896392,121.213534821,0.869379108034,7.45178242303
1509178800,31.28185594,121.21382028,308,31.2818901456,121.213820219,0.931731187147,3.79252392071
1509178803,31.28182538,121.21405399,308,31.2818905601,121.214053874,0.982778668987,7.22681226537
1509178806,31.2817908,121.21421837,428,31.2818953524,121.214212256,0.775397907438,11.606785922
1509178809,31.28179432,121.2143187,430,31.2818970593,121.214318255,0.0373246890595,11.3912273296
1509178812,31.28175691,121.2145261,430,31.2819055928,121.214507705,0.122787122188,16.5778942687
1509178815,31.28181602,121.21475484,430,31.2819470758,121.214714466,0.218029221701,15.0307013096
1509178818,31.28188345,121.21489365,430,31.2819940907,121.214847971,0.281780646146,13.0155321386
1509178821,31.28193448,121.21498506,430,31.2820337659,121.214944069,0.32855857252,11.6797749642
1509178824,31.28205148,121.21514888,430,31.2821101199,121.21508225,0.399741969655,9.08436863839
1509178828,31.28210917,121.21527369,430,31.282204529,121.215165337,0.456327598989,14.7728556324
1509178831,31.28225054,121.21536996,430,31.2823370595,121.215262037,0.530163247222,14.0580805417
1509178834,31.28238772,121.21542916,430,31.28244946,121.215352147,0.594981286486,10.031754755
1509178837,31.28246846,121.21549706,430,31.2825317481,121.215418116,0.642434421227,10.2832970817
1509178840,31.28261623,121.21562006,430,31.2826817316,121.215538355,0.728925444698,10.6429385955
1509178843,31.28270714,121.21571552,430,31.2827836608,121.21562007,0.787705034996,12.4334214295
1509178846,31.28283207,121.21578437,430,31.2828933136,121.215707976,0.850938506776,9.95106506265
1509178849,31.28294316,121.21588882,430,31.2830119149,121.215803057,0.919332392914,11.1715264692
1509178852,31.28301327,121.21597783,382,31.2830908271,121.216022076,0.315921670659,9.57575440571
1509178855,31.28311874,121.21607212,383,31.2830761417,121.216047818,0.607987955352,5.25949225514
1509178858,31.28321231,121.21620067,432,31.2833279531,121.216056389,0.0452948314563,18.7922012987
1509178861,31.28330792,121.21627831,432,31.2834240546,121.216133416,0.070005730245,18.8720616274
1509178864,31.283432,121.21635587,432,31.2835374512,121.216224305,0.0991637687324,17.1359770556
1509178868,31.28357692,121.21639932,432,31.2836363442,121.216295378,0.12366501554,11.8898503084
1509178871,31.28369466,121.21640223,432,31.2837132865,121.216336667,0.141235924896,6.57564728477
1509178874,31.28382801,121.21640586,432,31.2838308444,121.216369437,0.165733698344,3.48240279291
1509178877,31.28401548,121.2163956,432,31.284015963,121.216381655,0.20296338137,1.32892971713
1509178880,31.2842069,121.21645445,432,31.2842065051,121.216384816,0.241206491835,6.63062545787
1509178883,31.28436502,121.21646359,432,31.2843645681,121.21638392,0.2729206265,7.58629851558
1509178886,31.28448498,121.21646961,432,31.2844844901,121.21638324,0.296982048728,8.22428390609
1509178889,31.28455679,121.2164687,432,31.284556303,121.216382832,0.31139074219,8.17640924605
1509178892,31.28468967,121.21650329,432,31.2846889825,121.21638208,0.338011868816,11.5418103722
1509178895,31.28485657,121.21649051,432,31.2848559497,121.216381133,0.37151252913,10.4150334578
1509178898,31.28497985,121.21648559,432,31.2849792262,121.216380412,0.396247032768,10.0151610249
1509178901,31.285193,121.21644636,432,31.2851556567,121.216346293,0.432863362797,10.3890236447
1509178904,31.2852708,121.21638264,432,31.2852277051,121.216318221,0.448401977061,7.77528598908
1509178908,31.28538688,121.21622052,432,31.2853795824,121.216213063,0.485516111627,1.07648990299
1509178911,31.28544951,121.21612523,432,31.2854592077,121.216135139,0.50786938024,1.43052473885
1509178914,31.28562974,121.21590079,432,31.2856214209,121.215895882,0.5660300941,1.0340199363
1509178917,31.28569262,121.21574988,432,31.2857037048,121.21575642,0.598518841999,1.37778925663
1509178920,31.28578592,121.21559322,432,31.2857963604,121.21559938,0.635102710445,1.29768807079
1509178923,31.28592564,121.21539486,432,31.2859192494,121.21539109,0.683625245223,0.794318454494
1509178926,31.28598081,121.21533472,432,31.2859598146,121.215322333,0.699642480729,2.60959917233
1509178929,31.28605408,121.21520035,432,31.2860375399,121.215190592,0.730332405319,2.0558327724
1509178932,31.28618249,121.21494793,432,31.2861811668,121.214947149,0.787043672039,0.164460503131
1509178935,31.28622436,121.2148581,432,31.2862312917,121.21486219,0.8068355352,0.861568407477
1509178938,31.28637935,121.2146847,432,31.2863471989,121.214665731,0.852601607978,3.99618588635
1509178941,31.28644977,121.21458928,432,31.2864071419,121.21456413,0.876270194877,5.2984034112
1509178944,31.2865261,121.21444975,432,31.2864879156,121.214427222,0.908163770086,4.746083201
1509178947,31.2865796,121.21436982,432,31.2865367107,121.214344516,0.927430565474,5.33087427074
1509178950,31.28670723,121.21428912,432,31.2866049834,121.214228796,0.954388152743,12.7085999129
1509178954,31.28667481,121.21425583,432,31.2866111817,121.21421829,0.956835550167,7.90859252278
1509178956,31.28670507,121.21420198,432,31.2866425623,121.214165101,0.96922620485,7.76931228534
1509178959,31.28671842,121.21417365,432,31.2866584079,121.214138244,0.975482848608,7.45912790776
1509178963,31.28672559,121.21415966,432,31.2866663819,121.214124728,0.978631395969,7.35919438345
1509178966,31.28673148,121.21416535,432,31.2866654125,121.214126371,0.97824863246,8.21177264294
1509178969,31.28672955,121.21417087,432,31.2866624983,121.214131311,0.977097978086,8.33409592636
1509178972,31.28672059,121.21417095,432,31.2866601498,121.214135291,0.976170660115,7.51233161723
1509178975,31.28672314,121.21417097,432,31.2866607995,121.21413419,0.976427182633,7.74853070842
1509178978,31.28673468,121.2141749,432,31.2866620592,121.214132055,0.976924587841,9.0263032058
1509178981,31.28673785,121.21417461,432,31.2866630046,121.214130452,0.977297890549,9.30280356818
1509178984,31.28674524,121.2141674,432,31.2866680682,121.21412187,0.979297246301,9.5919641911
1509178987,31.28674984,121.21416142,432,31.2866718731,121.214115421,0.980799604113,9.69079358306
1509178990,31.28675559,121.21416229,432,31.286672977,121.21411355,0.981235489666,10.2682713325
1509178993,31.28675748,121.21416507,432,31.2866722484,121.214114785,0.980947780481,10.5937531815
1509178996,31.2867568,121.21416788,432,31.286670843,121.214117167,0.980392869456,10.6839117925
1509178999,31.28675398,121.21416716,432,31.28667043,121.214117867,0.980229783622,10.384740867
1509179003,31.28674725,121.21416322,432,31.2866704166,121.21411789,0.980224497528,9.5499086057
1509179006,31.28674568,121.21416274,432,31.2866702213,121.214118221,0.980147378883,9.37904345659
1509179009,31.28674638,121.2141634,432,31.2866701132,121.214118404,0.980104693951,9.47948563588
1509179012,31.28674625,121.21416401,432,31.2866698126,121.214118913,0.979986028797,9.50068160635
1509179015,31.2867487,121.21416584,432,31.2866696443,121.214119198,0.979919578161,9.82611877987
1509179018,31.2867487,121.21416581,432,31.2866696575,121.214119176,0.979924762327,9.82448687754
1509179021,31.28674925,121.21416587,432,31.2866697732,121.21411898,0.97997046782,9.87846093022
1509179024,31.28679314,121.21415262,432,31.2866869046,121.214089943,0.986734831382,13.2043811606
1509179027,31.28689032,121.21408079,434,31.2867460088,121.213991686,0.0533637865822,18.1106146633
1509179030,31.28692912,121.21395174,434,31.2868144061,121.213880911,0.196449392941,14.3962426858
1509179033,31.28697333,121.21387791,434,31.2868596121,121.213807696,0.291019285507,14.2712485634
1509179036,31.28703427,121.21370804,434,31.2869523676,121.21365747,0.485061843138,10.2784912511
1509179040,31.2870717,121.21360019,434,31.2870109099,121.213562656,0.607531033454,7.62896133612
1509179043,31.28716741,121.21344462,434,31.28710687,121.21340724,0.808277213523,7.59758365657
1509179046,31.28729696,121.21325939,436,31.2872254103,121.213215214,0.174064090483,8.97916481385
1509179049,31.28730531,121.21310527,436,31.2872966083,121.213099897,0.63459469211,1.09201921245
1509179052,31.28743076,121.21293912,438,31.2874041198,121.212923172,0.0445587985229,3.32117048008
1509179055,31.28754031,121.21281114,438,31.2874894219,121.212780677,0.11905846597,6.34409767044
1509179058,31.28765923,121.21268207,438,31.2875776764,121.21263325,0.196136588288,10.1670994879
1509179061,31.28769425,121.21260864,438,31.287619276,121.212563758,0.23246809294,9.3468386157
1509179064,31.28780952,121.21241643,438,31.2877343934,121.212371457,0.333007305526,9.36586085575
1509179067,31.28786219,121.21233491,438,31.2877842146,121.212288232,0.37651928682,9.72101069593
1509179070,31.28784689,121.21212142,438,31.2878742635,121.212137807,0.455164632837,3.41258978589
1509179073,31.28787999,121.21202583,438,31.2879251225,121.212052848,0.499582960377,5.626559768
1509179076,31.28799453,121.21187608,438,31.2880213351,121.211892126,0.583611461871,3.34173008235
1509179080,31.28810834,121.21174789,438,31.2881078537,121.211747599,0.659173494557,0.0606319097205
1509179082,31.28819195,121.21157549,438,31.2882058883,121.211583834,0.74479328098,1.73765436066
1509179085,31.28829071,121.21142056,438,31.2883002207,121.211426253,0.827179685242,1.18568023587
1509179089,31.2884099,121.21129346,438,31.2883876782,121.211280157,0.903561780519,2.77033108356
1509179092,31.28856894,121.21122664,206,31.2886060545,121.211177893,0.0468003115115,6.20296498783
1509179095,31.28874656,121.21130056,206,31.2887541228,121.211290627,0.110990756019,1.26397413429
1509179098,31.2888732,121.21138318,206,31.2888741119,121.211381982,0.163008314113,0.152405057837
1509179101,31.28900515,121.21149014,206,31.2890091937,121.211484829,0.221568855452,0.675827200177
1509179104,31.28904977,121.21154153,206,31.2890622087,121.211525193,0.244551864309,2.07888428774
1509179107,31.28921133,121.21165858,206,31.289220898,121.211646013,0.313346694324,1.59910097021
1509179110,31.28934144,121.21173178,206,31.2893384425,121.211735572,0.364318218782,0.490760609076
1509179113,31.28945532,121.21183402,206,31.2894582717,121.211830286,0.417002123479,0.48325159081
1509179116,31.28951357,121.21188162,206,31.2895172802,121.211876926,0.442945690597,0.607431919888
1509179119,31.28969521,121.2120008,206,31.2896870557,121.212011117,0.517588882759,1.3350297682
1509179122,31.28985249,121.21211282,206,31.2898383548,121.212130704,0.58410876331,2.31422726693
1509179125,31.28996772,121.21222898,206,31.2899657867,121.212231426,0.640135262555,0.316521539708
1509179129,31.29007739,121.21230316,206,31.2900693741,121.212313302,0.685678312574,1.31236536271
1509179132,31.29020495,121.21238661,206,31.2901908591,121.212405423,0.738269758752,2.37688338672
1509179135,31.29041082,121.21248648,206,31.290370664,121.212540094,0.815755808201,6.7735770531
1509179138,31.29051306,121.21259539,206,31.2904975579,121.212623673,0.868294262637,3.1947102843
1509179141,31.29065268,121.21266485,206,31.2906341999,121.212698567,0.922040594561,3.80842174509
1509179144,31.29077053,121.21273992,206,31.2907564656,121.21276558,0.970132184464,2.89843021671
1509179147,31.29088038,121.21281157,208,31.2908746485,121.212825099,0.0399481082617,1.43633810439
1509179150,31.29095692,121.21283933,208,31.2909495123,121.212856815,0.110735740176,1.85639134569
1509179153,31.29107581,121.21291864,208,31.2910787977,121.212911588,0.232981851422,0.748728737121
1509179156,31.29121002,121.21298301,208,31.2912157056,121.21296959,0.362435408447,1.42483175088
1509179159,31.29133389,121.21298562,208,31.2913216636,121.213014479,0.462624184454,3.06394404732
1509179162,31.29157162,121.21305231,208,31.2915550389,121.213099523,0.678945708472,4.856602691
1509179165,31.2916286,121.21309881,208,31.2916203003,121.213122442,0.739167186464,2.43098196137
1509179168,31.29183602,121.21315874,208,31.2918309451,121.213180005,0.929507207516,2.10144614735
1509179171,31.29195946,121.21318217,210,31.2919557426,121.213205986,0.0514429100607,2.3047561819
1509179175,31.29209596,121.21321985,210,31.2920947377,121.213227681,0.206740437459,0.757845406592
1509179178,31.29223079,121.21326797,210,31.2922336932,121.21324937,0.361993802212,1.7999490729
1509179181,31.29239038,121.2132608,210,31.2923894873,121.213269837,0.535523738726,0.866110579486
1509179184,31.29255392,121.21334575,210,31.2925597575,121.213286657,0.724403798326,5.66336201523
1509179187,31.29264484,121.21343961,210,31.2926589812,121.213296459,0.834472274998,13.7194577854
1509179190,31.29272756,121.21346819,210,31.2927436978,121.213304828,0.928448016051,15.6564716519
1509179193,31.29285395,121.21336635,520,31.2928599573,121.213317575,0.362192640035,4.69145676066
1509179196,31.29285714,121.21328988,520,31.2928538221,121.213316819,0.319259031637,2.59112048881
1509179199,31.29282404,121.21312539,175,31.2929706127,121.213140678,0.0274956248982,16.316224521
1509179202,31.29291362,121.21282686,175,31.2929926234,121.212832356,0.0724343065737,8.77508381657
1509179205,31.29296005,121.21263997,175,31.2930057857,121.212643152,0.10000698299,5.07996636174
1509179208,31.29298526,121.21247562,175,31.2930172853,121.212477848,0.124096643187,3.55712329541
1509179212,31.29298954,121.21226262,175,31.2930286358,121.212264618,0.155140117418,4.33889364777
1509179215,31.29300535,121.21205806,175,31.2930391019,121.212059785,0.184957241055,3.74582099726
1509179218,31.29304639,121.21182536,175,31.2930510677,121.211825599,0.219047149293,0.519141221738
1509179221,31.29309347,121.21168011,175,31.2930585927,121.211678328,0.24048509821,3.87072795327
1509179224,31.29310836,121.21150365,175,31.2930576855,121.211506311,0.265526243106,5.62421897266
1509179227,31.29312235,121.21132818,175,31.293048688,121.211336052,0.290312922855,8.20155568669
1509179230,31.29304128,121.21112175,175,31.2930259605,121.211123387,0.321405858451,1.70568371236
1509179233,31.29297212,121.21095913,175,31.2930195417,121.210957789,0.345506867204,5.25941162484
1509179236,31.2929457,121.21084266,175,31.2930162297,121.210840666,0.362540880623,7.82224763429
1509179239,31.29295605,121.21071573,175,31.2930166485,121.210717842,0.380405818417,6.72183176684
1509179242,31.29296513,121.21056267,175,31.2930219863,121.210564651,0.402689890173,6.30673639116
1509179245,31.29297401,121.21041711,175,31.2930319917,121.210422374,0.423432404545,6.44820193611
1509179248,31.29302833,121.210272,175,31.2930505091,121.210275396,0.444978738918,2.48026186817
1509179251,31.293062,121.21012123,175,31.2930765166,121.210123794,0.467341363499,1.62792099543
1509179255,31.29309933,121.20995607,175,31.2931001104,121.209956134,0.491960224986,0.0867430734593
1509179257,31.29312436,121.20976325,175,31.293114758,121.209762991,0.520123588744,1.06489855217
1509179261,31.29314724,121.20956432,175,31.2931201312,121.20956359,0.549122795107,3.00647440378
1509179264,31.29316614,121.20941838,175,31.2931240747,121.209417246,0.570405615882,4.66521755662
1509179267,31.29319932,121.20922062,175,31.2931294239,121.209218737,0.599275126599,7.75177179962
1509179270,31.29322679,121.20906353,175,31.2931336738,121.209061021,0.622211887485,10.326976696
1509179273,31.2932282,121.20894948,175,31.2931367459,121.208947016,0.638791785608,10.1426470247
1509179276,31.29322287,121.20879179,175,31.2931409881,121.208789584,0.661687295672,9.08104192951
1509179279,31.29324002,121.20859606,175,31.293146271,121.208593534,0.690199021431,10.397154131
1509179282,31.29326943,121.20843569,175,31.2931506107,121.208432488,0.71362004717,13.1775619054
1509179285,31.29329238,121.20826227,175,31.293155297,121.208258576,0.738912273428,15.203076791
1509179288,31.29330495,121.20809578,175,31.2931597892,121.208091868,0.763156745274,16.0989366776
1509179291,31.29331069,121.20790423,175,31.2931649513,121.207900303,0.791016328299,16.1630330419
1509179294,31.29332867,121.20771654,175,31.2931700183,121.207712265,0.818362887124,17.5951390643
1509179297,31.29336473,121.20752613,175,31.2931710247,121.207525429,0.845525654309,21.4770801499
1509179300,31.29337375,121.20736552,175,31.293171606,121.207364789,0.868879451664,22.4127302447
1509179304,31.29333867,121.20720518,175,31.2931694992,121.207208027,0.891671892756,18.7586948281
1509179307,31.29329865,121.2070501,175,31.2931639923,121.20705642,0.913729124441,14.9422316559
1509179310,31.29319784,121.20676563,175,31.2931429821,121.206770391,0.955430754185,6.09921836165
1509179313,31.2931277,121.20657717,175,31.2931180113,121.206578591,0.983559432356,1.08271871844
1509179316,31.29311868,121.20640863,173,31.293089923,121.206415143,0.052410280529,3.24816105262
1509179319,31.29309717,121.20631887,173,31.2930695359,121.206325129,0.143914535377,3.1213294946
1509179322,31.29303459,121.20609108,173,31.2930173115,121.206095741,0.377163419718,1.96647828983
1509179325,31.29300329,121.20591635,173,31.2929712468,121.205924995,0.552501169632,3.64687007104
1509179328,31.29293797,121.20574122,173,31.2929221256,121.205745733,0.736784144664,1.80852088856
1509179331,31.29288195,121.20557079,173,31.2928730215,121.205573333,0.914506526499,1.01911810575
1509179334,31.29289521,121.20540158,316,31.2928950193,121.205401482,0.164168855642,0.0230962500595
1509179337,31.29291396,121.20526607,316,31.2929501078,121.205281487,0.381195815078,4.26821343802
1509179340,31.29294021,121.20510533,316,31.2929901316,121.205116007,0.661490234671,5.6276054021
1509179343,31.29297856,121.20491056,447,31.292982412,121.204910667,6.49314126954e-05,0.427209521311
1509179346,31.29296069,121.20475228,447,31.2929867807,121.204753003,0.0236933246981,2.89361728131
1509179350,31.29296401,121.20461158,447,31.292990679,121.204612319,0.0447770276186,2.95774763084
1509179353,31.2929841,121.20435364,447,31.2929978362,121.204354021,0.0834870919294,1.52342851172
1509179356,31.29299816,121.20412279,447,31.2930042388,121.204122958,0.118115387838,0.674171138903
1509179359,31.29300782,121.20400053,447,31.2930076313,121.204000525,0.136463995096,0.0209262282556
1509179362,31.29305192,121.20383075,447,31.293012366,121.203829654,0.162071664558,4.3867709062
1509179365,31.29303368,121.20364952,447,31.2930173699,121.203649068,0.18913530162,1.8088861528
1509179368,31.2930296,121.20345493,447,31.2930227546,121.20345474,0.218258364879,0.759197702817
1509179371,31.29303012,121.20325655,447,31.2930282477,121.203256498,0.247968070955,0.207648619621
1509179374,31.29301641,121.20306797,447,31.2930334586,121.203068442,0.276151172944,1.89078763716
1509179377,31.29303812,121.2028873,447,31.2930380416,121.202887299,0.303296955641,0.00869195506166
1509179380,31.29304086,121.20269699,447,31.2930411804,121.202696995,0.331809846519,0.0355230226842
1509179383,31.2930119,121.20250264,447,31.2930212005,121.202501315,0.361346245135,1.03888035647
1509179387,31.29296021,121.2023304,447,31.2929719508,121.20232577,0.388844811664,1.37436819402
1509179390,31.29281984,121.2021714,447,31.2928655349,121.202135044,0.421922717488,6.13598403588
1509179392,31.29278193,121.20210531,447,31.2928186396,121.202076103,0.433206382035,4.92942816427
1509179396,31.29263129,121.20192056,447,31.2926467579,121.201904656,0.469601650037,2.28779854352
1509179399,31.29257671,121.20187103,447,31.2925939543,121.2018533,0.480636430705,2.55054130787
1509179402,31.29240256,121.20174578,447,31.2924418594,121.201705373,0.512420890814,5.81264084083
1509179405,31.2923314,121.20168922,447,31.2923770219,121.201642313,0.525970500376,6.74777618465
1509179408,31.292225,121.20157435,447,31.2922649311,121.201533294,0.549394992661,5.90607245197
1509179411,31.29207208,121.20141291,447,31.2920833315,121.201392542,0.584115615201,2.3058756512
1509179414,31.29199048,121.20139002,447,31.2920111219,121.201352653,0.596473987611,4.23034176578
1509179417,31.29186694,121.20140233,447,31.2918948504,121.201302489,0.615569492608,9.99705526281
1509179420,31.29171614,121.20138154,447,31.291692923,121.201265348,0.646867601785,11.3584468348
1509179423,31.29156253,121.20133764,447,31.2915536457,121.201293178,0.66814492424,4.34641589196
1509179426,31.2913475,121.20138542,447,31.2913454906,121.201381169,0.702143720965,0.461981496942
1509179430,31.29096784,121.20156258,447,31.2910425881,121.201639979,0.762316719884,11.0902129145
1509179432,31.29094221,121.20160091,447,31.2910101733,121.201671284,0.769067561249,10.0835638292
1509179436,31.29094585,121.20164889,447,31.2909880812,121.201692619,0.773668535356,6.26575759221
1509179439,31.29082246,121.20177867,447,31.2908593862,121.201816906,0.800471069958,5.47866850768
1509179442,31.29061878,121.20194772,447,31.2906695245,121.202000264,0.840012424278,7.52886845895
1509179445,31.29053074,121.20205156,447,31.2905709969,121.202094306,0.860417344476,6.04048945428
1509179448,31.29035063,121.20237887,447,31.2903121839,121.202338046,0.913676917497,5.76877968202
1509179451,31.29022025,121.20246271,447,31.2902012423,121.202442527,0.936506925304,2.85207706484
1509179454,31.29011719,121.20252816,447,31.2901139579,121.202524728,0.954468671925,0.484978642242
1509179457,31.28998559,121.20266349,447,31.289976671,121.202654019,0.982720117114,1.3382899748
1509179460,31.28992962,121.20269778,447,31.2899298946,121.202698072,0.992345946748,0.0412031275082
1509179463,31.2897651,121.20285738,445,31.2897674241,121.20285968,0.621100004086,0.338182154782
1509179466,31.28966042,121.20290089,217,31.289690954,121.202936948,0.0001,4.82162071101
1509179469,31.2895042,121.2030446,217,31.2895472564,121.203086086,0.312406211585,6.1961562413
1509179472,31.28935414,121.20319773,217,31.2894082936,121.203239986,0.62545788653,7.22762456772
1509179476,31.2893003,121.20331525,217,31.289330921,121.203339144,0.815120909631,4.08684099929
1509179479,31.28919551,121.20344639,215,31.289227425,121.203471493,0.0302733420756,4.27017390233
1509179482,31.28903882,121.20372149,215,31.289038326,121.203721132,0.239089382306,0.0645150998457
1509179485,31.28895103,121.20383041,215,31.2889563498,121.203834265,0.332226758168,0.694702228054
1509179488,31.2888573,121.20396497,215,31.2888601462,121.203967032,0.441528704012,0.37167912679
1509179491,31.28874025,121.20413114,215,31.2887408949,121.204131607,0.577016287813,0.0842214064957
1509179494,31.28863505,121.20425187,215,31.2886473135,121.204260756,0.683339040178,1.6014630653
1509179497,31.28853544,121.20434469,215,31.2885689176,121.204368948,0.77240872658,4.3717631626
1509179500,31.2883572,121.20444862,200,31.2882668158,121.20452508,0.243143980967,12.38659029
1509179503,31.28830728,121.20446669,200,31.288254903,121.204510998,0.271601472159,7.17794127247
1509179506,31.28819328,121.20436089,200,31.2881551826,121.204393118,0.509815253519,5.22100648748
1509179509,31.28809477,121.20418801,200,31.2880238024,121.204280546,0.777167530111,11.8129007825
1509179512,31.28801357,121.20416155,200,31.2879625515,121.204237899,0.892367111822,9.21115267861
1509179516,31.28784314,121.20408926,202,31.2878277105,121.204179797,0.0300430907586,8.78867116198
1509179518,31.28768105,121.20410908,202,31.28768105,121.2041626,0.0873250795729,5.09594848045
1509179522,31.28748051,121.20413194,202,31.2874891177,121.20417377,0.161992604854,4.09564264433
1509179525,31.28727481,121.20424735,202,31.2872747999,121.20424733,0.250388478167,0.00221791086177
1509179528,31.28723076,121.20428026,202,31.2872264375,121.204271672,0.271327692908,0.947798360319
1509179531,31.28709734,121.20442803,202,31.2870609751,121.204400569,0.353277453538,4.8055749211
1509179534,31.28695545,121.2045677,202,31.286942252,121.204557894,0.429501914647,1.73580542077
1509179537,31.28689437,121.20463414,202,31.2868887218,121.204629944,0.464214988506,0.742855863151
1509179540,31.28680035,121.20477234,202,31.2867891231,121.204763999,0.528802340455,1.47656735516
1509179543,31.28669153,121.20489009,202,31.2866940503,121.204891962,0.590454807101,0.331466474589
1509179546,31.28658797,121.20506235,202,31.2865747534,121.205052531,0.667815943925,1.73825429867
1509179549,31.2864273,121.20526084,202,31.2864225875,121.205257339,0.766491875008,0.61978788923
1509179552,31.28636533,121.20534064,202,31.2863623451,121.205338422,0.805557644244,0.39257623923
1509179555,31.28625568,121.20545045,202,31.286270778,121.205461667,0.864936684823,1.98570825392
1509179559,31.28615007,121.20558647,202,31.2861681007,121.205599866,0.931520447422,2.37142094903
1509179561,31.28612299,121.20567973,202,31.2861138241,121.20567292,0.966717523275,1.20550193802
1509179564,31.28603979,121.20577531,254,31.2860383455,121.205774227,0.159857796437,0.190468859529
1509179568,31.28596851,121.20583698,254,31.2859831103,121.205847923,0.525411630687,1.92514946963
1509179571,31.28587428,121.20601223,228,31.2858658239,121.20600606,0.0595877379115,1.10643362026
1509179574,31.28576457,121.20614259,228,31.2857656334,121.206143366,0.190580406801,0.139140302463
1509179577,31.28567275,121.20628341,228,31.285666678,121.206278979,0.319958125665,0.794486424347
1509179580,31.28555529,121.20644281,228,31.2855499671,121.206438926,0.472550123915,0.696474982674
1509179583,31.2854319,121.20661059,228,31.2854263042,121.206606421,0.633003936032,0.736551227983
1509179586,31.28532879,121.20669425,228,31.2853494201,121.20670962,0.732180581687,2.71545589516
1509179589,31.28522064,121.2068323,228,31.2852446791,121.206850209,0.867291167994,3.16417144467
1509179592,31.28513415,121.2069602,228,31.285152532,121.206973895,0.986156229976,2.41955455495
1509179595,31.28503131,121.20711118,230,31.2850440548,121.207120596,0.166431411429,1.67352559516
1509179598,31.28491873,121.2072012,230,31.2849612767,121.207232635,0.307378301312,5.58681753326
1509179601,31.28484339,121.20733379,230,31.2848713029,121.207354413,0.460577439952,3.66524453771
1509179605,31.28476864,121.20747385,230,31.2847779672,121.207480741,0.619500850395,1.22475032696
1509179608,31.284635,121.2076234,230,31.2846593007,121.207641354,0.821555143089,3.19092711957
1509179611,31.28451554,121.20770837,332,31.2845022933,121.207745984,0.329240151218,3.87102906435
1509179614,31.28445176,121.20782547,334,31.2843764914,121.207756208,0.0001,10.636752036
1509179617,31.28435839,121.20789719,336,31.2843044692,121.207888092,0.208360522278,6.04086975692
1509179620,31.2843004,121.20802755,304,31.2843331736,121.208051917,0.0266479738016,4.31133884485
1509179623,31.28417902,121.20819722,304,31.2842087218,121.208219303,0.238878304364,3.90723930109
1509179626,31.2841263,121.20827946,304,31.2841505757,121.208297509,0.338036024264,3.19344311319
1509179629,31.2840293,121.20840988,304,31.2840535966,121.208427945,0.503416459035,3.19619512122
1509179632,31.28393359,121.20853851,304,31.2839579338,121.20855661,0.666552147335,3.20240940209
1509179635,31.28386497,121.20866542,304,31.2838727387,121.208671196,0.811837215303,1.02196059796
1509179638,31.28386488,121.20879295,304,31.2838116433,121.208753368,0.916024366182,7.00324433673
1509179641,31.28392715,121.20888811,329,31.283901277,121.208926466,0.214938750917,4.64410579684
1509179645,31.28399197,121.20894833,329,31.2839737443,121.208975349,0.322054265611,3.2714464716
1509179647,31.28403837,121.20902867,329,31.284046263,121.209010922,0.421290101454,1.90313451773
1509179651,31.28402856,121.20903256,329,31.2840395171,121.209007922,0.412243161821,2.64194212059
Time_cost 3.28999996185
